time,reward
1126155685,0
1164129018,0
1202102351,0
1240075684,0
1265124044,1425
1265124044,1425
1265124044,1425
1278049017,1425
1278049017,1425
1278049017,1425
1316022350,1425
1353995683,1425
1391969016,1425
1429942349,1425
1467915682,1425
1505889015,1425
1543862348,1425
1560209631,4273
1560209631,4273
1581835681,4273
1619809014,4273
1657782347,4273
1695755680,4273
1733729013,4273
1771702346,4273
1798609631,7121
1809675679,7121
1847649012,7121
1885622345,7121
1923595678,7121
1961569011,7121
1999542344,7121
2037515677,7121
2117809631,8545
2422617699,17090
2422617699,17090
2422617699,17090
2422617699,17090
2422617699,17090
2422617699,17090
2422617699,17090
2422617699,17090
2422617699,17090
2422617699,17090
2422617699,17090
2422617699,17090
2422617699,17090
2717703286,22786
2717703286,22786
2717703286,22786
2717703286,22786
2956103286,28482
2956103286,28482
2956103286,28482
2956103286,28482
3075489019,28482
3113462352,28482
3151435685,28482
3189409018,28482
3194503286,34178
3194503286,34178
3194503286,34178
3227382351,34178
3227382351,34178
3265355684,34178
3303329017,34178
3341302350,34178
3379275683,34178
3417249016,34178
3432903286,39874
3432903286,39874
3432903286,39874
3432903286,39874
3455222349,39874
3493195682,39874
3531169015,39874
3569142348,39874
3607115681,39874
3645089014,39874
3671303286,45570
3671303286,45570
3671303286,45570
3671303286,45570
3683062347,45570
3721035680,45570
3759009013,45570
3796982346,45570
3834955679,45570
3872929012,45570
3910902345,45570
3913063286,51266
3913063286,51266
3913063286,51266
3913063286,51266
3948875678,51266
3986849011,51266
4024822344,51266
4151463286,56962
4151463286,56962
4151463286,56962
4151463286,56962
4628263286,62658
4628263286,62658
4628263286,62658
4628263286,62658
4769551287,62658
4769551287,62658
4769551287,62658
4947463286,65506
4947463286,65506
5062795685,65506
5062795685,65506
5088751287,65506
5088751287,65506
5088751287,65506
5100769018,65506
5138742351,65506
5176715684,65506
5214689017,65506
5224263286,71202
5224263286,71202
5224263286,71202
5224263286,71202
5252662350,71202
5290635683,71202
5328609016,71202
5366582349,71202
5404555682,71202
5442529015,71202
5462663286,76898
5462663286,76898
5462663286,76898
5462663286,76898
5480502348,76898
5484751287,76898
5484751287,76898
5518475681,76898
5518475681,76898
5518475681,76898
5556449014,76898
5594422347,76898
5632395680,76898
5670369013,76898
5701063286,82594
5701063286,82594
5701063286,82594
5701063286,82594
5708342346,82594
5746315679,82594
5784289012,82594
5822262345,82594
5860235678,82594
5898209011,82594
5936182344,82594
5939463286,88290
5939463286,88290
5939463286,88290
5939463286,88290
5974155677,88290
6012129010,88290
6050102343,88290
6177863286,93986
6177863286,93986
6177863286,93986
6177863286,93986
6416263286,99682
6416263286,99682
6416263286,99682
6416263286,99682
6654663286,105378
6654663286,105378
6654663286,105378
6654663286,105378
6893063286,111074
6893063286,111074
6893063286,111074
6893063286,111074
7088075685,111074
7126049018,111074
7131463286,116770
7131463286,116770
7131463286,116770
7131463286,116770
7164022351,116770
7201995684,116770
7239969017,116770
7277942350,116770
7315915683,116770
7353889016,116770
7369863286,122466
7369863286,122466
7369863286,122466
7369863286,122466
7391862349,122466
7429835682,122466
7467809015,122466
7505782348,122466
7543755681,122466
7581729014,122466
7619702347,122466
7657675680,122466
7695649013,122466
7727463286,128162
7727463286,128162
7727463286,128162
7727463286,128162
7733622346,128162
7771595679,128162
7809569012,128162
7847542345,128162
7885515678,128162
7923489011,128162
7961462344,128162
7999435677,128162
8037409010,128162
8046663286,131010
8046663286,131010
8046663286,131010
8187951287,131010
8187951287,131010
8323463286,136706
8323463286,136706
8323463286,136706
8323463286,136706
8323463286,136706
8583951287,136706
8642663286,139554
8642663286,139554
8642663286,139554
8800263286,145250
8800263286,145250
8800263286,145250
8800263286,145250
8800263286,145250
8800263286,145250
8800263286,145250
9075382352,145250
9113355685,145250
9119463286,148098
9119463286,148098
9151329018,148098
9189302351,148098
9189302351,148098
9227275684,148098
9260751287,148098
9265249017,148098
9265249017,148098
9277063286,153794
9277063286,153794
9277063286,153794
9277063286,153794
9303222350,153794
9341195683,153794
9379169016,153794
9417142349,153794
9455115682,153794
9493089015,153794
9531062348,153794
9569035681,153794
9607009014,153794
9644982347,153794
9682955680,153794
9720929013,153794
9737551287,153794
9737551287,153794
9737551287,153794
9758902346,153794
9796875679,153794
9834849012,153794
9872822345,153794
9872822345,153794
9910795678,153794
9948769011,153794
9986742344,153794
9992263286,153794
10014351287,153794
10014351287,153794
10014351287,153794
10014351287,153794
10024715677,153794
10111463286,153794
10230663286,153794
10349863286,153794
10469063286,153794
10588263286,153794
10707463286,153794
10826663286,153794
10945863286,153794
11062689018,153794
11065063286,153794
11100662351,153794
11138635684,153794
11176609017,153794
11184263286,153794
11214582350,153794
11252555683,153794
11290529016,153794
11303463286,153794
11328502349,153794
11366475682,153794
11404449015,153794
11422663286,153794
11442422348,153794
11480395681,153794
11518369014,153794
11541863286,153794
11556342347,153794
11594315680,153794
11632289013,153794
11661063286,153794
11670262346,153794
11708235679,153794
11746209012,153794
11780263286,153794
11784182345,153794
11822155678,153794
11860129011,153794
11898102344,153794
11899463286,153794
11936075677,153794
11974049010,153794
12012022343,153794
12018663286,153794
12049995676,153794
12137863286,153794
12137863286,153794
12376263286,153794
12376263286,153794
12495463286,153794
12495463286,153794
12614663286,153794
12614663286,153794
13087969019,153794
13125942352,153794
13163915685,153794
13201889018,153794
13210663286,153794
13210663286,153794
13239862351,153794
13277835684,153794
13315809017,153794
13329863286,179426
13329863286,179426
13329863286,179426
13353782350,179426
13391755683,179426
13429729016,179426
13467702349,179426
13471151287,179426
13505675682,179426
13543649015,179426
13581622348,179426
13590351287,179426
13619595681,179426
13657569014,179426
13695542347,179426
13733515680,179426
13771489013,179426
13771489013,179426
13809462346,179426
13847435679,179426
13885409012,179426
13923382345,179426
13947951287,179426
13961355678,179426
13999329011,179426
14037302344,179426
14045063286,179426
14067151287,179426
14067151287,179426
14164263286,179426
14186351287,179426
14283463286,179426
14305551287,179426
14305551287,179426
14402663286,179426
14402663286,179426
14424751287,179426
14424751287,179426
14521863286,179426
14521863286,179426
14641063286,193666
14641063286,193666
14641063286,193666
14760263286,193666
14879463286,193666
14879463286,193666
14998663286,193666
14998663286,193666
15075275685,193666
15113249018,193666
15151222351,193666
15189195684,193666
15227169017,193666
15237063286,193666
15237063286,193666
15265142350,193666
15303115683,193666
15341089016,193666
15356263286,193666
15356263286,193666
15379062349,193666
15417035682,193666
15455009015,193666
15475463286,193666
15475463286,193666
15492982348,193666
15530955681,193666
15568929014,193666
15594663286,216450
15594663286,216450
15606902347,216450
15616751287,216450
15616751287,216450
15644875680,216450
15682849013,216450
15713863286,216450
15713863286,216450
15720822346,216450
15758795679,216450
15796769012,216450
15833063286,216450
15833063286,216450
15834742345,216450
15872715678,216450
15910689011,216450
15910689011,216450
15948662344,216450
15952263286,216450
15986635677,216450
16024609010,216450
16190663286,216450
16190663286,216450
16429063286,216450
16429063286,216450
16548263286,216450
16548263286,216450
16570351287,216450
16570351287,216450
16667463286,216450
16667463286,216450
16786663286,219298
16786663286,219298
16808751287,219298
16808751287,219298
16905863286,219298
16905863286,219298
17025063286,219298
17025063286,219298
17062582352,219298
17100555685,219298
17138529018,219298
17144263286,219298
17144263286,219298
17176502351,219298
17214475684,219298
17252449017,219298
17263463286,219298
17263463286,219298
17290422350,219298
17328395683,219298
17366369016,219298
17382663286,219298
17382663286,219298
17404342349,219298
17442315682,219298
17480289015,219298
17518262348,219298
17556235681,219298
17594209014,219298
17632182347,219298
17670155680,219298
17708129013,219298
17708129013,219298
17740263286,219298
17746102346,219298
17784075679,219298
17822049012,219298
17859463286,219298
17860022345,219298
17860022345,219298
17897995678,219298
17935969011,219298
17973942344,219298
17973942344,219298
17978663286,219298
18000751287,219298
18011915677,219298
18049889010,219298
18097863286,230690
18097863286,230690
18217063286,230690
18217063286,230690
18319951287,230690
18319951287,230690
18319951287,230690
18336263286,230690
18336263286,230690
18455463286,230690
18574663286,230690
18574663286,230690
18813063286,230690
18813063286,230690
19087862352,230690
19125835685,230690
19163809018,230690
19201782351,230690
19239755684,230690
19277729017,230690
19315702350,230690
19353675683,230690
19391649016,230690
19392751287,230690
19429622349,230690
19429622349,230690
19467595682,230690
19505569015,230690
19528263286,233538
19528263286,233538
19543542348,233538
19581515681,233538
19619489014,233538
19657462347,233538
19695435680,233538
19733409013,233538
19733409013,233538
19750351287,233538
19771382346,233538
19809355679,233538
19847329012,233538
19885302345,233538
19923275678,233538
19961249011,233538
19999222344,233538
20037195677,233538
20601063286,244930
20601063286,244930
21075169018,244930
21077863286,367394
21077863286,367394
21077863286,367394
21077863286,367394
21113142351,367394
21151115684,367394
21180751287,367394
21180751287,367394
21189089017,367394
21227062350,367394
21265035683,367394
21303009016,367394
21340982349,367394
21378955682,367394
21416929015,367394
21435463286,373090
21454902348,373090
21457551287,373090
21457551287,373090
21457551287,373090
21492875681,373090
21530849014,373090
21568822347,373090
21568822347,373090
21606795680,373090
21644769013,373090
21682742346,373090
21720715679,373090
21744707934,378786
21744707934,378786
21758689012,378786
21796662345,378786
21834635678,378786
21872609011,378786
21910582344,378786
21948555677,378786
21986529010,378786
22024502343,378786
22183107934,381634
22183107934,381634
22562795935,381634
22562795935,381634
22720395935,381634
22720395935,381634
22720395935,381634
22779107934,384482
22779107934,384482
22779107934,384482
22958795935,384482
23062475685,384482
23062475685,384482
23074193521,390178
23074193521,390178
23100449018,390178
23138422351,390178
23176395684,390178
23176395684,390178
23176395684,390178
23214369017,390178
23252342350,390178
23290315683,390178
23328289016,390178
23366262349,390178
23404235682,390178
23442209015,390178
23480182348,390178
23518155681,390178
23556129014,390178
23579361522,395874
23594102347,395874
23632075680,395874
23670049013,395874
23708022346,395874
23745995679,395874
23783969012,395874
23821942345,395874
23859915678,395874
23897889011,395874
23935862344,395874
23973835677,395874
24011809010,395874
24039849523,395874
24039849523,395874
24049782343,395874
24316649523,395874
24316649523,395874
24316649523,395874
24555049523,395874
24555049523,395874
24555049523,395874
25087755685,395874
25125729018,395874
25163702351,395874
25201675684,395874
25239649017,395874
25277622350,395874
25315595683,395874
25315595683,395874
25315595683,395874
25353569016,395874
25391542349,395874
25429515682,395874
25467489015,395874
25505462348,395874
25516903111,395874
25516903111,395874
25543435681,395874
25581409014,395874
25619382347,395874
25657355680,395874
25690815110,401570
25690815110,401570
25695329013,401570
25695329013,401570
25695329013,401570
25712903111,401570
25712903111,401570
25712903111,401570
25733302346,401570
25771275679,401570
25809249012,401570
25847222345,401570
25885195678,401570
25923169011,401570
25951303111,401570
25951303111,401570
25951303111,401570
25961142344,401570
25985900697,407266
25999115677,407266
26037089010,407266
26037089010,407266
26224300697,412962
26989956699,412962
26989956699,412962
26989956699,412962
26989956699,412962
26989956699,412962
27075062352,412962
27113035685,412962
27151009018,412962
27188982351,412962
27226955684,412962
27228356699,412962
27228356699,412962
27228356699,412962
27264929017,412962
27285042286,418658
27302902350,418658
27340875683,418658
27378849016,418658
27416822349,418658
27454795682,418658
27492769015,418658
27530742348,418658
27547556699,418658
27547556699,418658
27568715681,418658
27606689014,418658
27644662347,418658
27682635680,418658
27720609013,418658
27758582346,418658
27796555679,418658
27834529012,418658
27872502345,418658
27910475678,418658
27948449011,418658
27986422344,418658
27986422344,418658
27986422344,418658
27986422344,418658
28024395677,418658
28364122286,424354
28364122286,424354
28386210287,424354
28386210287,424354
28386210287,424354
28386210287,424354
28624610287,424354
28624610287,424354
28624610287,424354
28683322286,427202
28921722286,430050
28921722286,430050
28921722286,430050
29062369019,430050
29100342352,430050
29138315685,430050
29176289018,430050
29214262351,430050
29216807873,435746
29252235684,435746
29290209017,435746
29301410287,435746
29301410287,435746
29328182350,435746
29366155683,435746
29404129016,435746
29442102349,435746
29480075682,435746
29518049015,435746
29556022348,435746
29593995681,435746
29631969014,435746
29669942347,435746
29707915680,435746
29745889013,435746
29783862346,435746
29821835679,435746
29859809012,435746
29897782345,435746
29935755678,435746
29954095874,435746
29954095874,435746
29954095874,435746
29973729011,435746
30011702344,435746
30049675677,435746
30192495874,435746
30192495874,435746
30192495874,435746
30192495874,435746
30511695874,435746
30511695874,435746
30511695874,435746
30568381461,438594
30778463875,438594
30778463875,438594
30887581461,441442
30887581461,441442
31087649019,441442
31125622352,441442
31163595685,441442
31201569018,441442
31201569018,441442
31201569018,441442
31239542351,441442
31277515684,441442
31315489017,441442
31353462350,441442
31364381461,444290
31364381461,444290
31364381461,444290
31391435683,444290
31424869462,444290
31424869462,444290
31424869462,444290
31429409016,444290
31467382349,444290
31505355682,444290
31543329015,444290
31581302348,444290
31619275681,444290
31641181461,449986
31641181461,449986
31657249014,449986
31695222347,449986
31733195680,449986
31744069462,449986
31744069462,449986
31771169013,449986
31809142346,449986
31847115679,449986
31879581461,455682
31879581461,455682
31885089012,455682
31901669462,455682
31901669462,455682
31901669462,455682
31901669462,455682
31923062345,455682
31961035678,455682
31999009011,455682
32036982344,455682
32237181461,461378
32237181461,461378
32556381461,464226
32556381461,464226
32556381461,464226
32697669462,464226
32697669462,464226
32913981461,467074
33074955685,467074
33093669462,467074
33093669462,467074
33093669462,467074
33112929018,467074
33150902351,467074
33188875684,467074
33190781461,472770
33190781461,472770
33226849017,472770
33264822350,472770
33302795683,472770
33340769016,472770
33378742349,472770
33416715682,472770
33451269462,472770
33451269462,472770
33451269462,472770
33454689015,472770
33492662348,472770
33530635681,472770
33568609014,472770
33606582347,472770
33629181461,475618
33644555680,475618
33682529013,475618
33720502346,475618
33758475679,475618
33796449012,475618
33834422345,475618
33872395678,475618
33872395678,475618
33872395678,475618
33910369011,475618
33948342344,475618
33986315677,475618
34008869462,475618
34008869462,475618
34008869462,475618
34024289010,475618
34229435049,481314
34229435049,481314
34247269462,481314
34247269462,481314
34247269462,481314
34489923050,481314
34489923050,481314
34489923050,481314
34706235049,487010
34706235049,487010
34966723050,487010
34966723050,487010
34966723050,487010
34966723050,487010
34966723050,487010
35062262352,487010
35100235685,487010
35138209018,487010
35144635049,489858
35144635049,489858
35176182351,489858
35214155684,489858
35252129017,489858
35290102350,489858
35328075683,489858
35366049016,489858
35404022349,489858
35421435049,495554
35421435049,495554
35441995682,495554
35479969015,495554
35517942348,495554
35524323050,495554
35524323050,495554
35524323050,495554
35555915681,495554
35593889014,495554
35631862347,495554
35669835680,495554
35681923050,495554
35681923050,495554
35681923050,495554
35681923050,495554
35681923050,495554
35707809013,495554
35745782346,495554
35783755679,495554
35821729012,495554
35859702345,495554
35859835049,498402
35859835049,498402
35897675678,498402
35935649011,498402
35973622344,498402
36011595677,498402
36017435049,504098
36017435049,504098
36049569010,504098
36239523050,504098
36239523050,504098
36455835049,506946
36477923050,506946
36477923050,506946
36613435049,512642
36613435049,512642
36613435049,512642
36835523050,512642
36835523050,512642
36932635049,515490
36932635049,515490
36932635049,515490
36932635049,515490
37073923050,515490
37073923050,515490
37087542352,515490
37125515685,515490
37125515685,515490
37163489018,515490
37201462351,515490
37239435684,515490
37277409017,515490
37315382350,515490
37328635049,521186
37328635049,521186
37353355683,521186
37391329016,521186
37429302349,521186
37467275682,521186
37469923050,521186
37469923050,521186
37469923050,521186
37505249015,521186
37543222348,521186
37581195681,521186
37619169014,521186
37657142347,521186
37686235049,526882
37686235049,526882
37695115680,526882
37733089013,526882
37771062346,526882
37789123050,526882
37789123050,526882
37809035679,526882
37847009012,526882
37884982345,526882
37922955678,526882
37960929011,526882
37998902344,526882
38005435049,529730
38005435049,529730
38036875677,529730
38036875677,529730
38146723050,529730
38146723050,529730
38163035049,535426
38601435049,538274
38623523050,538274
38623523050,538274
38759035049,543970
38759035049,543970
38759035049,543970
38981123050,543970
38981123050,543970
38981123050,543970
39074849018,543970
39112822351,543970
39150795684,543970
39188769017,543970
39219523050,543970
39219523050,543970
39226742350,543970
39264715683,543970
39302689016,543970
39340662349,543970
39378635682,543970
39416609015,543970
39454582348,543970
39474235049,549666
39474235049,549666
39474235049,549666
39492555681,549666
39496323050,549666
39496323050,549666
39496323050,549666
39530529014,549666
39568502347,549666
39606475680,549666
39644449013,549666
39682422346,549666
39720395679,549666
39734723050,549666
39734723050,549666
39734723050,549666
39758369012,549666
39796342345,549666
39796342345,549666
39831835049,555362
39834315678,555362
39872289011,555362
39910262344,555362
39948235677,555362
39986209010,555362
40024182343,555362
40292323050,555362
40292323050,555362
40389435049,558210
40389435049,558210
40389435049,558210
40389435049,558210
40389435049,558210
40389435049,558210
40569123050,558210
40569123050,558210
40569123050,558210
40904635049,563906
40926723050,563906
40926723050,563906
40926723050,563906
41062155685,563906
41100129018,563906
41138102351,563906
41143035049,569602
41165123050,569602
41165123050,569602
41165123050,569602
41176075684,569602
41214049017,569602
41214049017,569602
41252022350,569602
41289995683,569602
41327969016,569602
41365942349,569602
41403915682,569602
41441889015,569602
41462235049,572450
41462235049,572450
41479862348,572450
41517835681,572450
41555809014,572450
41593782347,572450
41631755680,572450
41669729013,572450
41707702346,572450
41745675679,572450
41783649012,572450
41821622345,572450
41859595678,572450
41897569011,572450
41935542344,572450
41939035049,575298
41973515677,575298
41999523050,575298
41999523050,575298
41999523050,575298
42011489010,575298
42049462343,575298
42177435049,578146
42177435049,578146
42177435049,578146
42177435049,578146
42177435049,578146
42177435049,578146
42177435049,578146
42318723050,578146
42318723050,578146
42318723050,578146
42557123050,578146
42692635049,583842
42692635049,583842
42692635049,583842
42692635049,583842
42714723050,583842
42714723050,583842
42714723050,583842
42931035049,589538
42953123050,589538
42953123050,589538
42953123050,589538
43087435685,589538
43125409018,589538
43163382351,589538
43169435049,595234
43201355684,595234
43239329017,595234
43277302350,595234
43315275683,595234
43353249016,595234
43391222349,595234
43429195682,595234
43429195682,595234
43467169015,595234
43488635049,598082
43488635049,598082
43488635049,598082
43488635049,598082
43505142348,598082
43543115681,598082
43581089014,598082
43619062347,598082
43646235049,603778
43646235049,603778
43646235049,603778
43646235049,603778
43657035680,603778
43695009013,603778
43732982346,603778
43770955679,603778
43808929012,603778
43846902345,603778
43884875678,603778
43922849011,603778
43960822344,603778
43998795677,603778
44036769010,603778
44106723050,603778
44361435049,609474
44361435049,609474
44361435049,609474
44383523050,609474
44599835049,615170
44599835049,615170
44599835049,615170
44599835049,615170
44621923050,615170
44621923050,615170
44621923050,615170
45038235049,618018
45074742352,618018
45112715685,618018
45150689018,618018
45188662351,618018
45195835049,623714
45195835049,623714
45226635684,623714
45264609017,623714
45302582350,623714
45340555683,623714
45378529016,623714
45378529016,623714
45378529016,623714
45416502349,623714
45417923050,623714
45417923050,623714
45417923050,623714
45417923050,623714
45454475682,623714
45492449015,623714
45530422348,623714
45553435049,629410
45568395681,629410
45568395681,629410
45606369014,629410
45644342347,629410
45656323050,629410
45656323050,629410
45656323050,629410
45682315680,629410
45720289013,629410
45758262346,629410
45796235679,629410
45834209012,629410
45872182345,629410
45872635049,632258
45910155678,632258
45948129011,632258
45986102344,632258
46013923050,632258
46013923050,632258
46013923050,632258
46024075677,632258
46149435049,637954
46387835049,643650
46409923050,643650
46409923050,643650
46409923050,643650
46945435049,646498
47062049018,646498
47100022351,646498
47125123050,646498
47125123050,646498
47125123050,646498
47137995684,646498
47137995684,646498
47137995684,646498
47175969017,646498
47183835049,649346
47183835049,649346
47183835049,649346
47213942350,649346
47251915683,649346
47289889016,649346
47327862349,649346
47365835682,649346
47403809015,649346
47441782348,649346
47479755681,649346
47517729014,649346
47555702347,649346
47563523050,649346
47563523050,649346
47593675680,649346
47631649013,649346
47669622346,649346
47707595679,649346
47721123050,649346
47721123050,649346
47721123050,649346
47745569012,649346
47745569012,649346
47783542345,649346
47821515678,649346
47859489011,649346
47897462344,649346
47935435677,649346
47937435049,655042
47959523050,655042
47959523050,655042
47959523050,655042
47973409010,655042
48011382343,655042
48049355676,655042
48175835049,660738
48175835049,660738
48175835049,660738
48175835049,660738
48175835049,660738
48197923050,660738
48197923050,660738
48197923050,660738
48614235049,663586
48614235049,663586
48891035049,669282
48891035049,669282
48993923050,669282
48993923050,669282
49087329019,669282
49125302352,669282
49129435049,674978
49151523050,674978
49151523050,674978
49151523050,674978
49163275685,674978
49201249018,674978
49239222351,674978
49277195684,674978
49315169017,674978
49353142350,674978
49391115683,674978
49429089016,674978
49467062349,674978
49505035682,674978
49543009015,674978
49580982348,674978
49618955681,674978
49656929014,674978
49694902347,674978
49732875680,674978
49770849013,674978
49806235049,677826
49808822346,677826
49846795679,677826
49866723050,677826
49866723050,677826
49866723050,677826
49866723050,677826
49866723050,677826
49866723050,677826
49866723050,677826
49866723050,677826
49866723050,677826
49866723050,677826
49884769012,677826
49922742345,677826
49960715678,677826
49998689011,677826
50036662344,677826
50163835049,680674
50163835049,680674
50185923050,680674
50343523050,680674
50640635049,683522
50640635049,683522
50701123050,683522
50798235049,689218
50798235049,689218
50798235049,689218
50798235049,689218
50798235049,689218
50798235049,689218
51020323050,689218
51036635049,694914
51036635049,694914
51036635049,694914
51036635049,694914
51036635049,694914
51074635685,694914
51112609018,694914
51150582351,694914
51188555684,694914
51226529017,694914
51258723050,694914
51258723050,694914
51264502350,694914
51275035049,700610
51275035049,700610
51302475683,700610
51340449016,700610
51378422349,700610
51416395682,700610
51454369015,700610
51492342348,700610
51530315681,700610
51568289014,700610
51594235049,703458
51594235049,703458
51594235049,703458
51594235049,703458
51606262347,703458
51644235680,703458
51682209013,703458
51720182346,703458
51758155679,703458
51796129012,703458
51834102345,703458
51871035049,709154
51871035049,709154
51871035049,709154
51872075678,709154
51910049011,709154
51948022344,709154
51985995677,709154
52023969010,709154
52109435049,714850
52131523050,714850
52131523050,714850
52131523050,714850
52428635049,717698
52428635049,717698
52705435049,723394
52705435049,723394
52705435049,723394
52965923050,723394
52965923050,723394
52965923050,723394
53024635049,726242
53061942352,726242
53099915685,726242
53099915685,726242
53099915685,726242
53137889018,726242
53175862351,726242
53213835684,726242
53251809017,726242
53289782350,726242
53327755683,726242
53327755683,726242
53365729016,726242
53382235049,729090
53403702349,729090
53403702349,729090
53441675682,729090
53479649015,729090
53517622348,729090
53555595681,729090
53561923050,729090
53561923050,729090
53561923050,729090
53593569014,729090
53620635049,731938
53620635049,731938
53620635049,731938
53631542347,731938
53669515680,731938
53707489013,731938
53745462346,731938
53783435679,731938
53821409012,731938
53859382345,731938
53897355678,731938
53897435049,737634
53897435049,737634
53935329011,737634
53973302344,737634
54000323050,737634
54000323050,737634
54011275677,737634
54011275677,737634
54049249010,737634
54157923050,737634
54216635049,740482
54216635049,740482
54216635049,740482
54216635049,740482
54216635049,740482
54493435049,746178
54731835049,751874
54731835049,751874
54731835049,751874
54731835049,751874
54731835049,751874
54753923050,751874
54753923050,751874
54753923050,751874
55087222352,751874
55089435049,757570
55089435049,757570
55089435049,757570
55125195685,757570
55163169018,757570
55201142351,757570
55239115684,757570
55277089017,757570
55315062350,757570
55353035683,757570
55391009016,757570
55428982349,757570
55447035049,763266
55447035049,763266
55447035049,763266
55466955682,763266
55504929015,763266
55542902348,763266
55549923050,763266
55580875681,763266
55618849014,763266
55656822347,763266
55694795680,763266
55732769013,763266
55770742346,763266
55808715679,763266
55846689012,763266
55884662345,763266
55885435049,766114
55885435049,766114
55907523050,766114
55907523050,766114
55922635678,766114
55960609011,766114
55960609011,766114
55998582344,766114
56036555677,766114
56162235049,771810
56162235049,771810
56162235049,771810
56265123050,771810
56400635049,777506
56400635049,777506
56400635049,777506
56422723050,777506
56996635049,783202
56996635049,783202
56996635049,783202
56996635049,783202
57074529019,783202
57112502352,783202
57137923050,783202
57137923050,783202
57137923050,783202
57150475685,783202
57188449018,783202
57226422351,783202
57264395684,783202
57302369017,783202
57340342350,783202
57354235049,788898
57378315683,788898
57416289016,788898
57454262349,788898
57457123050,788898
57457123050,788898
57492235682,788898
57530209015,788898
57568182348,788898
57606155681,788898
57644129014,788898
57682102347,788898
57711835049,794594
57711835049,794594
57711835049,794594
57720075680,794594
57758049013,794594
57796022346,794594
57814723050,794594
57814723050,794594
57833995679,794594
57871969012,794594
57909942345,794594
57947915678,794594
57950235049,800290
57950235049,800290
57985889011,800290
58023862344,800290
58023862344,800290
58172323050,800290
58172323050,800290
58269435049,803138
58269435049,803138
58746235049,805986
58746235049,805986
58746235049,805986
58806723050,805986
58806723050,805986
58806723050,805986
58984635049,808834
59061835685,808834
59061835685,808834
59061835685,808834
59061835685,808834
59061835685,808834
59099809018,808834
59125923050,808834
59125923050,808834
59137782351,808834
59175755684,808834
59213729017,808834
59223035049,811682
59251702350,811682
59289675683,811682
59327649016,811682
59364323050,811682
59364323050,811682
59365622349,811682
59403595682,811682
59441569015,811682
59461435049,814530
59461435049,814530
59461435049,814530
59479542348,814530
59517515681,814530
59555489014,814530
59593462347,814530
59602723050,814530
59602723050,814530
59631435680,814530
59669409013,814530
59707382346,814530
59745355679,814530
59783329012,814530
59819035049,817378
59819035049,817378
59821302345,817378
59841123050,817378
59841123050,817378
59859275678,817378
59897249011,817378
59935222344,817378
59973195677,817378
59976635049,823074
59998723050,823074
59998723050,823074
59998723050,823074
60011169010,823074
60049142343,823074
60334235049,828770
60334235049,828770
60437123050,828770
60437123050,828770
60572635049,834466
60572635049,834466
60572635049,834466
60794723050,834466
60794723050,834466
60930235049,840162
61087115685,840162
61125089018,840162
61163062351,840162
61201035684,840162
61239009017,840162
61276982350,840162
61314955683,840162
61352929016,840162
61390723050,840162
61390723050,840162
61390902349,840162
61428875682,840162
61466849015,840162
61487835049,843010
61504822348,843010
61542795681,843010
61580769014,843010
61618742347,843010
61656715680,843010
61656715680,843010
61656715680,843010
61656715680,843010
61656715680,843010
61667523050,843010
61667523050,843010
61667523050,843010
61694689013,843010
61732662346,843010
61732662346,843010
61770635679,843010
61808609012,843010
61845435049,845858
61846582345,845858
61884555678,845858
61922529011,845858
61960502344,845858
61998475677,845858
62003035049,851554
62025123050,851554
62025123050,851554
62025123050,851554
62036449010,851554
62463523050,851554
62463523050,851554
62718235049,857250
62740323050,857250
62740323050,857250
62740323050,857250
62956635049,862946
62978723050,862946
62978723050,862946
62978723050,862946
63074422352,862946
63112395685,862946
63150369018,862946
63188342351,862946
63226315684,862946
63264289017,862946
63275835049,865794
63302262350,865794
63340235683,865794
63378209016,865794
63416182349,865794
63454155682,865794
63492129015,865794
63530102348,865794
63568075681,865794
63606049014,865794
63644022347,865794
63681995680,865794
63719969013,865794
63757942346,865794
63795915679,865794
63813123050,865794
63813123050,865794
63813123050,865794
63833889012,865794
63871862345,865794
63909835678,865794
63947809011,865794
63985782344,865794
64023755677,865794
64051523050,865794
64051523050,865794
64051523050,865794
64289923050,865794
64289923050,865794
64289923050,865794
64289923050,865794
64528323050,865794
64528323050,865794
64528323050,865794
64528323050,865794
64528323050,865794
64528323050,865794
64766723050,865794
64766723050,865794
64766723050,865794
64910488637,868642
64910488637,868642
64910488637,868642
64910488637,868642
65061729019,868642
65068088637,874338
65068088637,874338
65068088637,874338
65068088637,874338
65068088637,874338
65099702352,874338
65137675685,874338
65175649018,874338
65175649018,874338
65213622351,874338
65251595684,874338
65289569017,874338
65290176638,874338
65290176638,874338
65290176638,874338
65327542350,874338
65365515683,874338
65403489016,874338
65441462349,874338
65441462349,874338
65479435682,874338
65517409015,874338
65528576638,874338
65555382348,874338
65593355681,874338
65631329014,874338
65664088637,880034
65664088637,880034
65664088637,880034
65664088637,880034
65669302347,880034
65707275680,880034
65745249013,880034
65783222346,880034
65805376638,880034
65805376638,880034
65805376638,880034
65821195679,880034
65859169012,880034
65897142345,880034
65935115678,880034
65973089011,880034
65983288637,882882
65983288637,882882
66011062344,882882
66049035677,882882
66124576638,882882
66140888637,888578
66140888637,888578
66379288637,894274
66379288637,894274
66601376638,894274
66601376638,894274
66601376638,894274
66601376638,894274
66817688637,897122
66817688637,897122
66817688637,897122
66975288637,902818
66975288637,902818
67087009018,902818
67124982351,902818
67162955684,902818
67197376638,902818
67197376638,902818
67200929017,902818
67238902350,902818
67276875683,902818
67314849016,902818
67352822349,902818
67390795682,902818
67428769015,902818
67435776638,902818
67435776638,902818
67435776638,902818
67466742348,902818
67504715681,902818
67542689014,902818
67571288637,908514
67571288637,908514
67571288637,908514
67580662347,908514
67618635680,908514
67656609013,908514
67694582346,908514
67712576638,908514
67732555679,908514
67770529012,908514
67808502345,908514
67846475678,908514
67884449011,908514
67890488637,911362
67890488637,911362
67890488637,911362
67922422344,911362
67960395677,911362
67998369010,911362
67998369010,911362
68031776638,911362
68036342343,911362
68248088637,914210
68248088637,914210
68248088637,914210
68427776638,914210
68427776638,914210
68427776638,914210
68524888637,919906
68785376638,919906
68785376638,919906
68785376638,919906
68844088637,922754
68844088637,922754
68844088637,922754
69001688637,928450
69001688637,928450
69001688637,928450
69001688637,928450
69074315685,928450
69112289018,928450
69150262351,928450
69188235684,928450
69226209017,928450
69264182350,928450
69302155683,928450
69340129016,928450
69359288637,934146
69378102349,934146
69416075682,934146
69454049015,934146
69462176638,934146
69462176638,934146
69492022348,934146
69529995681,934146
69567969014,934146
69605942347,934146
69643915680,934146
69678488637,936994
69681889013,936994
69719862346,936994
69757835679,936994
69795809012,936994
69819776638,936994
69819776638,936994
69833782345,936994
69871755678,936994
69909729011,936994
69916888637,939842
69947702344,939842
69985675677,939842
70023649010,939842
70155288637,942690
70155288637,942690
70155288637,942690
70296576638,942690
70296576638,942690
70512888637,945538
70512888637,945538
70534976638,945538
70534976638,945538
70670488637,951234
70692576638,951234
70692576638,951234
70692576638,951234
70908888637,956930
70908888637,956930
70908888637,956930
70908888637,956930
71061622352,956930
71099595685,956930
71130976638,956930
71130976638,956930
71137569018,956930
71175542351,956930
71213515684,956930
71251489017,956930
71289462350,956930
71327435683,956930
71365409016,956930
71403382349,956930
71441355682,956930
71479329015,956930
71517302348,956930
71555275681,956930
71593249014,956930
71631222347,956930
71646176638,956930
71646176638,956930
71646176638,956930
71669195680,956930
71707169013,956930
71743288637,962626
71743288637,962626
71745142346,962626
71745142346,962626
71745142346,962626
71745142346,962626
71745142346,962626
71783115679,962626
71821089012,962626
71859062345,962626
71859062345,962626
71884576638,962626
71884576638,962626
71884576638,962626
71897035678,962626
71935009011,962626
71972982344,962626
72010955677,962626
72048929010,962626
72181688637,965474
72181688637,965474
72203776638,965474
72203776638,965474
72339288637,971170
72561376638,971170
72561376638,971170
72658488637,974018
72658488637,974018
72799776638,974018
72799776638,974018
72799776638,974018
72799776638,974018
73086902352,974018
73086902352,974018
73124875685,974018
73162849018,974018
73173688637,979714
73195776638,979714
73195776638,979714
73195776638,979714
73195776638,979714
73195776638,979714
73200822351,979714
73238795684,979714
73276769017,979714
73314742350,979714
73352715683,979714
73390689016,979714
73412088637,985410
73412088637,985410
73412088637,985410
73428662349,985410
73434176638,985410
73466635682,985410
73466635682,985410
73504609015,985410
73542582348,985410
73580555681,985410
73618529014,985410
73650488637,991106
73650488637,991106
73656502347,991106
73694475680,991106
73732449013,991106
73770422346,991106
73808395679,991106
73846369012,991106
73884342345,991106
73922315678,991106
73960289011,991106
73969688637,993954
73998262344,993954
74036235677,993954
74484888637,999650
74484888637,999650
74506976638,999650
74506976638,999650
74506976638,999650
74745376638,999650
74745376638,999650
74745376638,999650
74842488637,1005346
74842488637,1005346
75074209019,1005346
75112182352,1005346
75150155685,1005346
75188129018,1005346
75200088637,1011042
75200088637,1011042
75200088637,1011042
75226102351,1011042
75226102351,1011042
75226102351,1011042
75226102351,1011042
75226102351,1011042
75264075684,1011042
75302049017,1011042
75302976638,1011042
75302976638,1011042
75302976638,1011042
75340022350,1011042
75377995683,1011042
75415969016,1011042
75438488637,1016738
75438488637,1016738
75438488637,1016738
75438488637,1016738
75453942349,1016738
75491915682,1016738
75529889015,1016738
75567862348,1016738
75605835681,1016738
75643809014,1016738
75660576638,1016738
75660576638,1016738
75681782347,1016738
75719755680,1016738
75757729013,1016738
75795702346,1016738
75833675679,1016738
75871649012,1016738
75909622345,1016738
75947595678,1016738
75985569011,1016738
76023542344,1016738
76175776638,1016738
76175776638,1016738
76175776638,1016738
76272888637,1022434
76272888637,1022434
76414176638,1022434
76414176638,1022434
76414176638,1022434
76630488637,1028130
76630488637,1028130
76733376638,1028130
76733376638,1028130
76949688637,1030978
77061515685,1030978
77090976638,1030978
77090976638,1030978
77099489018,1030978
77107288637,1036674
77137462351,1036674
77175435684,1036674
77213409017,1036674
77251382350,1036674
77289355683,1036674
77327329016,1036674
77327329016,1036674
77327329016,1036674
77327329016,1036674
77365302349,1036674
77365302349,1036674
77365302349,1036674
77403275682,1036674
77426488637,1039522
77426488637,1039522
77441249015,1039522
77479222348,1039522
77517195681,1039522
77555169014,1039522
77567776638,1039522
77567776638,1039522
77584088637,1045218
77593142347,1045218
77631115680,1045218
77669089013,1045218
77707062346,1045218
77745035679,1045218
77783009012,1045218
77820982345,1045218
77858955678,1045218
77896929011,1045218
77903288637,1048066
77903288637,1048066
77934902344,1048066
77972875677,1048066
78010849010,1048066
78044576638,1048066
78044576638,1048066
78048822343,1048066
78418488637,1053762
78440576638,1053762
78440576638,1053762
78440576638,1053762
78678976638,1053762
78678976638,1053762
78678976638,1053762
78678976638,1053762
79086795685,1053762
79124769018,1053762
79155776638,1053762
79155776638,1053762
79155776638,1053762
79162742351,1053762
79200715684,1053762
79214488637,1056610
79238689017,1056610
79276662350,1056610
79314635683,1056610
79352609016,1056610
79372088637,1062306
79390582349,1062306
79394176638,1062306
79394176638,1062306
79394176638,1062306
79428555682,1062306
79466529015,1062306
79504502348,1062306
79542475681,1062306
79580449014,1062306
79610488637,1068002
79618422347,1068002
79656395680,1068002
79694369013,1068002
79732342346,1068002
79770315679,1068002
79808289012,1068002
79808289012,1068002
79808289012,1068002
79832576638,1068002
79832576638,1068002
79846262345,1068002
79884235678,1068002
79922209011,1068002
79929688637,1070850
79929688637,1070850
79929688637,1070850
79960182344,1070850
79998155677,1070850
80036129010,1070850
80168088637,1073698
80168088637,1073698
80525688637,1076546
80525688637,1076546
80547776638,1076546
80547776638,1076546
80705376638,1076546
80705376638,1076546
80705376638,1076546
81062976638,1076546
81062976638,1076546
81062976638,1076546
81074102352,1076546
81112075685,1076546
81150049018,1076546
81160088637,1082242
81160088637,1082242
81188022351,1082242
81188022351,1082242
81225995684,1082242
81263969017,1082242
81301376638,1082242
81301376638,1082242
81301376638,1082242
81301942350,1082242
81339915683,1082242
81377889016,1082242
81415862349,1082242
81453835682,1082242
81491809015,1082242
81517688637,1087938
81529782348,1087938
81567755681,1087938
81605729014,1087938
81620576638,1087938
81620576638,1087938
81643702347,1087938
81681675680,1087938
81719649013,1087938
81757622346,1087938
81795595679,1087938
81833569012,1087938
81871542345,1087938
81909515678,1087938
81947489011,1087938
81978176638,1087938
81978176638,1087938
81985462344,1087938
82023435677,1087938
82075288637,1090786
82254976638,1090786
82254976638,1090786
82254976638,1090786
82254976638,1090786
82313688637,1093634
82471288637,1099330
82471288637,1099330
82471288637,1099330
82471288637,1099330
82693376638,1099330
82693376638,1099330
82693376638,1099330
82693376638,1099330
82931776638,1099330
82931776638,1099330
83061409018,1099330
83099382351,1099330
83137355684,1099330
83175329017,1099330
83208576638,1099330
83208576638,1099330
83208576638,1099330
83213302350,1099330
83251275683,1099330
83251275683,1099330
83289249016,1099330
83327222349,1099330
83365195682,1099330
83403169015,1099330
83441142348,1099330
83446976638,1099330
83446976638,1099330
83446976638,1099330
83479115681,1099330
83517089014,1099330
83544088637,1105026
83544088637,1105026
83555062347,1105026
83593035680,1105026
83593035680,1105026
83631009013,1105026
83631009013,1105026
83668982346,1105026
83685376638,1105026
83685376638,1105026
83685376638,1105026
83706955679,1105026
83744929012,1105026
83782488637,1110722
83782902345,1110722
83820875678,1110722
83858849011,1110722
83896822344,1110722
83934795677,1110722
83972769010,1110722
84004576638,1110722
84004576638,1110722
84004576638,1110722
84004576638,1110722
84010742343,1110722
84048715676,1110722
84140088637,1116418
84140088637,1116418
84600576638,1116418
84600576638,1116418
84697688637,1119266
84877376638,1119266
84877376638,1119266
84877376638,1119266
84974488637,1124962
85086689018,1124962
85124662351,1124962
85162635684,1124962
85200609017,1124962
85234976638,1124962
85234976638,1124962
85234976638,1124962
85238582350,1124962
85276555683,1124962
85293688637,1127810
85293688637,1127810
85314529016,1127810
85352502349,1127810
85390475682,1127810
85428449015,1127810
85466422348,1127810
85504395681,1127810
85542369014,1127810
85570488637,1133506
85570488637,1133506
85570488637,1133506
85580342347,1133506
85618315680,1133506
85656289013,1133506
85694262346,1133506
85732235679,1133506
85770209012,1133506
85808182345,1133506
85830976638,1133506
85830976638,1133506
85830976638,1133506
85830976638,1133506
85846155678,1133506
85884129011,1133506
85922102344,1133506
85960075677,1133506
85998049010,1133506
86008888637,1136354
86008888637,1136354
86008888637,1136354
86008888637,1136354
86008888637,1136354
86008888637,1136354
86008888637,1136354
86036022343,1136354
86388576638,1136354
86388576638,1136354
86546176638,1136354
86546176638,1136354
86546176638,1136354
86724088637,1139202
86724088637,1139202
86724088637,1139202
86784576638,1139202
86784576638,1139202
86784576638,1139202
86881688637,1144898
86881688637,1144898
87073995685,1144898
87073995685,1144898
87103776638,1144898
87103776638,1144898
87111969018,1144898
87111969018,1144898
87149942351,1144898
87187915684,1144898
87225889017,1144898
87263862350,1144898
87301835683,1144898
87320088637,1147746
87339809016,1147746
87342176638,1147746
87342176638,1147746
87342176638,1147746
87377782349,1147746
87415755682,1147746
87453729015,1147746
87491702348,1147746
87529675681,1147746
87567649014,1147746
87596888637,1153442
87605622347,1153442
87643595680,1153442
87681569013,1153442
87681569013,1153442
87681569013,1153442
87699776638,1153442
87699776638,1153442
87719542346,1153442
87757515679,1153442
87795489012,1153442
87833462345,1153442
87835288637,1159138
87835288637,1159138
87835288637,1159138
87857376638,1159138
87857376638,1159138
87857376638,1159138
87871435678,1159138
87909409011,1159138
87947382344,1159138
87985355677,1159138
88023329010,1159138
88073688637,1164834
88073688637,1164834
88073688637,1164834
88550488637,1170530
88550488637,1170530
88550488637,1170530
88550488637,1170530
88810976638,1170530
88810976638,1170530
88810976638,1170530
88869688637,1173378
88869688637,1173378
89027288637,1179074
89027288637,1179074
89027288637,1179074
89061302352,1179074
89099275685,1179074
89137249018,1179074
89175222351,1179074
89213195684,1179074
89251169017,1179074
89289142350,1179074
89327115683,1179074
89365089016,1179074
89403062349,1179074
89441035682,1179074
89479009015,1179074
89487776638,1179074
89487776638,1179074
89516982348,1179074
89554955681,1179074
89592929014,1179074
89630902347,1179074
89668875680,1179074
89706849013,1179074
89742488637,1184770
89744822346,1184770
89744822346,1184770
89764576638,1184770
89764576638,1184770
89764576638,1184770
89782795679,1184770
89820769012,1184770
89858742345,1184770
89896715678,1184770
89934689011,1184770
89972662344,1184770
90002976638,1184770
90002976638,1184770
90002976638,1184770
90010635677,1184770
90048609010,1184770
90048609010,1184770
90100088637,1190466
90419288637,1193314
90419288637,1193314
90419288637,1193314
90560576638,1193314
90560576638,1193314
90776888637,1196162
90776888637,1196162
90776888637,1196162
90956576638,1196162
90956576638,1196162
90956576638,1196162
91053688637,1201858
91053688637,1201858
91086582352,1201858
91124555685,1201858
91162529018,1201858
91200502351,1201858
91238475684,1201858
91276449017,1201858
91314176638,1201858
91314176638,1201858
91314176638,1201858
91314422350,1201858
91352395683,1201858
91372888637,1204706
91390369016,1204706
91428342349,1204706
91466315682,1204706
91504289015,1204706
91530488637,1210402
91530488637,1210402
91530488637,1210402
91542262348,1210402
91580235681,1210402
91618209014,1210402
91656182347,1210402
91694155680,1210402
91732129013,1210402
91770102346,1210402
91770102346,1210402
91808075679,1210402
91846049012,1210402
91846049012,1210402
91849688637,1213250
91884022345,1213250
91921995678,1213250
91959969011,1213250
91990976638,1213250
91990976638,1213250
91997942344,1213250
92035915677,1213250
92126488637,1218946
92386976638,1218946
92386976638,1218946
92386976638,1218946
92603288637,1224642
92863776638,1224642
92863776638,1224642
92863776638,1224642
93073889018,1224642
93111862351,1224642
93149835684,1224642
93187809017,1224642
93225782350,1224642
93225782350,1224642
93263755683,1224642
93301729016,1224642
93339702349,1224642
93340576638,1224642
93340576638,1224642
93340576638,1224642
93377675682,1224642
93415649015,1224642
93453622348,1224642
93491595681,1224642
93529569014,1224642
93556888637,1224642
93567542347,1224642
93605515680,1224642
93643489013,1224642
93659776638,1224642
93681462346,1224642
93719435679,1224642
93757409012,1224642
93795382345,1224642
93833355678,1224642
93871329011,1224642
93909302344,1224642
93914488637,1224642
93947275677,1224642
93985249010,1224642
94017376638,1224642
94023222343,1224642
94033688637,1224642
94294176638,1224642
94748888637,1224642
94748888637,1224642
94748888637,1224642
94748888637,1224642
94748888637,1224642
94770976638,1224642
94770976638,1224642
94770976638,1224642
94868088637,1247426
94868088637,1247426
94868088637,1247426
95009376638,1247426
95061195685,1247426
95099169018,1247426
95099169018,1247426
95137142351,1247426
95175115684,1247426
95213089017,1247426
95251062350,1247426
95289035683,1247426
95327009016,1247426
95328576638,1247426
95364982349,1247426
95402955682,1247426
95440929015,1247426
95478902348,1247426
95516875681,1247426
95554849014,1247426
95583288637,1253122
95583288637,1253122
95583288637,1253122
95583288637,1253122
95592822347,1253122
95605376638,1253122
95605376638,1253122
95605376638,1253122
95630795680,1253122
95668769013,1253122
95706742346,1253122
95744715679,1253122
95782689012,1253122
95820662345,1253122
95843776638,1253122
95843776638,1253122
95843776638,1253122
95858635678,1253122
95896609011,1253122
95934582344,1253122
95972555677,1253122
96010529010,1253122
96010529010,1253122
96048502343,1253122
96140888637,1255970
96320576638,1255970
96320576638,1255970
96320576638,1255970
96678176638,1255970
96678176638,1255970
96678176638,1255970
96736888637,1258818
96916576638,1258818
96916576638,1258818
96916576638,1258818
97086475685,1258818
97124449018,1258818
97162422351,1258818
97200395684,1258818
97238369017,1258818
97274176638,1258818
97274176638,1258818
97274176638,1258818
97276342350,1258818
97314315683,1258818
97352289016,1258818
97352289016,1258818
97390262349,1258818
97390262349,1258818
97390262349,1258818
97428235682,1258818
97466209015,1258818
97504182348,1258818
97512576638,1258818
97512576638,1258818
97512576638,1258818
97542155681,1258818
97580129014,1258818
97618102347,1258818
97656075680,1258818
97694049013,1258818
97732022346,1258818
97750976638,1258818
97750976638,1258818
97750976638,1258818
97769995679,1258818
97807969012,1258818
97845942345,1258818
97883915678,1258818
97921889011,1258818
97959862344,1258818
97967288637,1264514
97967288637,1264514
97967288637,1264514
97989376638,1264514
97989376638,1264514
97989376638,1264514
97997835677,1264514
98035809010,1264514
98227776638,1264514
98227776638,1264514
98227776638,1264514
98405688637,1267362
98405688637,1267362
98785376638,1267362
98785376638,1267362
98801688637,1273058
98801688637,1273058
98801688637,1273058
98942976638,1273058
98942976638,1273058
98942976638,1273058
99073782352,1273058
99111755685,1273058
99149729018,1273058
99187702351,1273058
99225675684,1273058
99262176638,1273058
99262176638,1273058
99263649017,1273058
99301622350,1273058
99339595683,1273058
99377569016,1273058
99415542349,1273058
99453515682,1273058
99491489015,1273058
99529462348,1273058
99538976638,1273058
99538976638,1273058
99538976638,1273058
99567435681,1273058
99597688637,1275906
99605409014,1275906
99643382347,1275906
99681355680,1275906
99719329013,1275906
99757302346,1275906
99777376638,1275906
99777376638,1275906
99777376638,1275906
99795275679,1275906
99833249012,1275906
99871222345,1275906
99909195678,1275906
99909195678,1275906
99947169011,1275906
99985142344,1275906
99993688637,1281602
