timestamp,send,connection,subflow,seqno,ackno,size,psize,isSyn,isFin
0,1,1,0,0,0,0,58,1,0
50209018,0,1,0,0,1,0,58,1,0
50209018,1,1,0,1,1,0,62,0,0
1088182352,1,1,0,1,1,1424,1502,0,0
1164129018,1,1,0,1425,1,1424,1502,0,0
1202102351,1,1,0,2849,1,1424,1502,0,0
1202102351,1,1,0,4273,1,1424,1502,0,0
1265124043,0,1,0,1,1425,0,54,0,0
1265124043,1,1,1,0,0,0,58,1,0
1278049017,1,1,0,5697,1,1424,1490,0,0
1353995683,1,1,0,7121,1,1424,1490,0,0
1505444043,0,1,0,1,4273,0,54,0,0
1505889015,1,1,0,8545,1,1424,1490,0,0
1543862348,1,1,0,9969,1,1424,1490,0,0
1619809014,1,1,0,11393,1,1424,1490,0,0
1744804043,0,1,0,1,7121,0,54,0,0
1771702346,1,1,0,12817,1,1424,1490,0,0
1809675679,1,1,0,14241,1,1424,1490,0,0
1809675679,1,1,0,15665,1,1424,1490,0,0
1983204043,0,1,0,1,9969,0,54,0,0
1983204044,1,1,0,17089,1,1424,1490,0,0
1999542344,1,1,0,18513,1,1424,1490,0,0
2037515677,1,1,0,19937,1,1424,1490,0,0
2221604043,0,1,0,1,12817,0,54,0,0
2221604044,1,1,0,21361,1,1424,1490,0,0
2464644043,0,1,0,1,15665,0,54,0,0
2703044043,0,1,0,1,18513,0,54,0,0
2703044044,1,1,0,22785,1,1424,1490,0,0
2726412112,0,1,1,0,1,0,62,1,0
2726412112,1,1,1,1,1,0,42,0,0
2726412112,1,1,0,24209,1,1424,1490,0,0
2726412112,1,1,0,25633,1,1424,1490,0,0
2726412112,1,1,1,1,1,1424,1490,0,0
2750252112,1,1,0,27057,1,1424,1490,0,0
2750252112,1,1,0,28481,1,1424,1490,0,0
2774092112,1,1,0,29905,1,1424,1490,0,0
2774092112,1,1,0,31329,1,1424,1490,0,0
2797932112,1,1,0,32753,1,1424,1490,0,0
2848972112,1,1,1,1425,1,1424,1490,0,0
2941444043,0,1,0,1,21361,0,54,0,0
3075489019,1,1,1,2849,1,1424,1490,0,0
3113462352,1,1,0,34177,1,1424,1490,0,0
3151435685,1,1,1,4273,1,1424,1490,0,0
3179844043,0,1,0,1,24209,0,54,0,0
3227382351,1,1,0,35601,1,1424,1490,0,0
3265355684,1,1,0,37025,1,1424,1490,0,0
3303329017,1,1,0,38449,1,1424,1490,0,0
3341302350,1,1,0,39873,1,1424,1490,0,0
3341302350,1,1,0,41297,1,1424,1490,0,0
3418244043,0,1,0,1,27057,0,54,0,0
3455222349,1,1,0,42721,1,1424,1490,0,0
3493195682,1,1,0,44145,1,1424,1490,0,0
3531169015,1,1,0,45569,1,1424,1490,0,0
3656644043,0,1,0,1,29905,0,54,0,0
3683062347,1,1,0,46993,1,1424,1490,0,0
3721035680,1,1,0,48417,1,1424,1490,0,0
3796982346,1,1,0,49841,1,1424,1490,0,0
3895044043,0,1,0,1,32753,0,54,0,0
3910902345,1,1,0,51265,1,1424,1490,0,0
3948875678,1,1,0,52689,1,1424,1490,0,0
3948875678,1,1,0,54113,1,1424,1490,0,0
4133444043,0,1,0,1,35601,0,54,0,0
4375204043,0,1,0,1,38449,0,54,0,0
4694404043,0,1,0,1,39873,0,54,0,0
4852004043,0,1,0,1,42721,0,54,0,0
4852004044,1,1,0,55537,1,1424,1490,0,0
4852004044,1,1,0,56961,1,1424,1490,0,0
4875844044,1,1,0,58385,1,1424,1490,0,0
4875844044,1,1,0,59809,1,1424,1490,0,0
5062795685,1,1,0,61233,1,1424,1490,0,0
5062795685,1,1,0,62657,1,1424,1490,0,0
5100769018,1,1,0,64081,1,1424,1490,0,0
5112492044,0,1,1,1,1425,0,54,0,0
5112492045,1,1,0,65505,1,1424,1490,0,0
5112492045,1,1,1,5697,1,1424,1490,0,0
5112492045,1,1,1,7121,1,1424,1490,0,0
5124609018,1,1,0,66929,1,1424,1490,0,0
5138742351,1,1,0,68353,1,1424,1490,0,0
5209604043,0,1,0,1,45569,0,54,0,0
5214689017,1,1,0,69777,1,1424,1490,0,0
5252662350,1,1,0,71201,1,1424,1490,0,0
5290635683,1,1,0,72625,1,1424,1490,0,0
5290635683,1,1,0,74049,1,1424,1490,0,0
5528804043,0,1,0,1,46993,0,54,0,0
5556449014,1,1,0,75473,1,1424,1490,0,0
5594422347,1,1,0,76897,1,1424,1490,0,0
5670092044,0,1,1,1,2849,0,54,0,0
5670092045,1,1,1,8545,1,1424,1490,0,0
5670369013,1,1,1,9969,1,1424,1490,0,0
5686404043,0,1,0,1,49841,0,54,0,0
5708342346,1,1,0,78321,1,1424,1490,0,0
5746315679,1,1,0,79745,1,1424,1490,0,0
5784289012,1,1,0,81169,1,1424,1490,0,0
6044004043,0,1,0,1,52689,0,54,0,0
6050102343,1,1,0,82593,1,1424,1490,0,0
6146892044,0,1,1,1,4273,0,54,0,0
6146892045,1,1,0,84017,1,1424,1490,0,0
6146892045,1,1,1,11393,1,1424,1490,0,0
6146892045,1,1,0,85441,1,1424,1490,0,0
6146892045,1,1,1,12817,1,1424,1490,0,0
6282404043,0,1,0,1,55537,0,54,0,0
6504492044,0,1,1,1,5697,0,54,0,0
6504492045,1,1,0,86865,1,1424,1490,0,0
6504492045,1,1,1,14241,1,1424,1490,0,0
6504492045,1,1,1,15665,1,1424,1490,0,0
6504492045,1,1,0,88289,1,1424,1490,0,0
6520804043,0,1,0,1,58385,0,54,0,0
6759204043,0,1,0,1,61233,0,54,0,0
6997604043,0,1,0,1,64081,0,54,0,0
7088075685,1,1,0,89713,1,1424,1490,0,0
7126049018,1,1,0,91137,1,1424,1490,0,0
7164022351,1,1,0,92561,1,1424,1490,0,0
7164022351,1,1,0,93985,1,1424,1490,0,0
7201995684,1,1,0,95409,1,1424,1490,0,0
7236004043,0,1,0,1,66929,0,54,0,0
7239969017,1,1,0,96833,1,1424,1490,0,0
7277942350,1,1,0,98257,1,1424,1490,0,0
7315915683,1,1,0,99681,1,1424,1490,0,0
7315915683,1,1,0,101105,1,1424,1490,0,0
7353889016,1,1,0,102529,1,1424,1490,0,0
7391862349,1,1,0,103953,1,1424,1490,0,0
7391862349,1,1,0,105377,1,1424,1490,0,0
7429835682,1,1,0,106801,1,1424,1490,0,0
7474404043,0,1,0,1,69777,0,54,0,0
7505782348,1,1,0,108225,1,1424,1490,0,0
7543755681,1,1,0,109649,1,1424,1490,0,0
7543755681,1,1,0,111073,1,1424,1490,0,0
7712804043,0,1,0,1,72625,0,54,0,0
7733622346,1,1,0,112497,1,1424,1490,0,0
7771595679,1,1,0,113921,1,1424,1490,0,0
7847542345,1,1,0,115345,1,1424,1490,0,0
7951204043,0,1,0,1,75473,0,54,0,0
7961462344,1,1,0,116769,1,1424,1490,0,0
7999435677,1,1,0,118193,1,1424,1490,0,0
8037409010,1,1,0,119617,1,1424,1490,0,0
8189604043,0,1,0,1,78321,0,54,0,0
8508804043,0,1,0,1,79745,0,54,0,0
8666404043,0,1,0,1,82593,0,54,0,0
9024004043,0,1,0,1,84017,0,54,0,0
9113355685,1,1,0,121041,1,1424,1490,0,0
9126892044,0,1,1,1,7121,0,54,0,0
9126892045,1,1,0,122465,1,1424,1490,0,0
9126892045,1,1,0,123889,1,1424,1490,0,0
9126892045,1,1,1,17089,1,1424,1490,0,0
9126892045,1,1,1,18513,1,1424,1490,0,0
9150732045,1,1,0,125313,1,1424,1490,0,0
9150732045,1,1,0,126737,1,1424,1490,0,0
9174572045,1,1,0,128161,1,1424,1490,0,0
9174572045,1,1,0,129585,1,1424,1490,0,0
9189302351,1,1,0,131009,1,1424,1490,0,0
9210332045,1,1,0,132433,1,1424,1490,0,0
9227275684,1,1,0,133857,1,1424,1490,0,0
9381604043,0,1,0,1,84017,0,54,0,0
9484492044,0,1,1,1,8545,0,54,0,0
9484492045,1,1,1,19937,1,1424,1490,0,0
9493089015,1,1,1,21361,1,1424,1490,0,0
9500804043,0,1,0,1,84017,0,54,0,0
9761292044,0,1,1,1,11393,0,54,0,0
9796875679,1,1,1,22785,1,1424,1490,0,0
9796875679,1,1,1,24209,1,1424,1490,0,0
9858404043,0,1,0,1,84017,0,54,0,0
9858404043,1,1,0,84017,1,1424,1490,0,0
10035275679,1,1,1,25633,1,1424,1490,0,0
10096804043,0,1,0,1,84017,0,54,0,0
10216004043,0,1,0,1,84017,0,54,0,0
10238092044,0,1,1,1,14241,0,54,0,0
10238092045,1,1,1,27057,1,1424,1490,0,0
10335204043,0,1,0,1,84017,0,54,0,0
10335204044,1,1,1,28481,1,1424,1490,0,0
10454404043,0,1,0,1,84017,0,54,0,0
10454404044,1,1,1,29905,1,1424,1490,0,0
10676492044,0,1,1,1,15665,0,54,0,0
10676492045,1,1,1,31329,1,1424,1490,0,0
10692804043,0,1,0,1,84017,0,54,0,0
10692804044,1,1,1,32753,1,1424,1490,0,0
10812004043,0,1,0,1,84017,0,54,0,0
10931204043,0,1,0,1,84017,0,54,0,0
11050404043,0,1,0,1,84017,0,54,0,0
11169604043,0,1,0,1,84017,0,54,0,0
11272492044,0,1,1,1,17089,0,54,0,0
11272492045,1,1,1,34177,1,1424,1490,0,0
11288804043,0,1,0,1,84017,0,54,0,0
11290529016,1,1,1,35601,1,1424,1490,0,0
11408004043,0,1,0,1,84017,0,54,0,0
11527204043,0,1,0,1,84017,0,54,0,0
11646404043,0,1,0,1,84017,0,54,0,0
11765604043,0,1,0,1,84017,0,54,0,0
11884804043,0,1,0,1,84017,0,54,0,0
12004004043,0,1,0,1,84017,0,54,0,0
12123204043,0,1,0,1,84017,0,54,0,0
12242404043,0,1,0,1,84017,0,54,0,0
12242404044,1,1,0,135281,1,1424,1490,0,0
12361604043,0,1,0,1,84017,0,54,0,0
12480804043,0,1,0,1,84017,0,54,0,0
12480804044,1,1,0,136705,1,1424,1490,0,0
12480804044,1,1,0,138129,1,1424,1490,0,0
12600004043,0,1,0,1,84017,0,54,0,0
12600004044,1,1,0,139553,1,1424,1490,0,0
12719204043,0,1,0,1,84017,0,54,0,0
12719204044,1,1,0,140977,1,1424,1490,0,0
12838404043,0,1,0,1,84017,0,54,0,0
12957604043,0,1,0,1,84017,0,54,0,0
12957604044,1,1,0,142401,1,1424,1490,0,0
13125942352,1,1,0,143825,1,1424,1490,0,0
13315204043,0,1,0,1,98257,0,54,0,0
13315204043,1,1,0,98257,1,1424,1490,0,0
13353782350,1,1,0,145249,1,1424,1490,0,0
13694892044,0,1,1,1,19937,0,54,0,0
13694892045,1,1,1,37025,1,1424,1490,0,0
13695542347,1,1,1,38449,1,1424,1490,0,0
13933292045,1,1,1,39873,1,1424,1490,0,0
14052492044,0,1,1,1,21361,0,54,0,0
14052492045,1,1,1,41297,1,1424,1490,0,0
14171692044,0,1,1,1,21361,0,54,0,0
14290892044,0,1,1,1,21361,0,54,0,0
14410092044,0,1,1,1,21361,0,54,0,0
14410092044,1,1,1,21361,1,1424,1490,0,0
14529292044,0,1,1,1,21361,0,54,0,0
14648492044,0,1,1,1,21361,0,54,0,0
14745604043,0,1,0,1,98257,0,54,0,0
14767692044,0,1,1,1,21361,0,54,0,0
14767692045,1,1,0,146673,1,1424,1490,0,0
14864804043,0,1,0,1,98257,0,54,0,0
14886892044,0,1,1,1,21361,0,54,0,0
14886892045,1,1,0,148097,1,1424,1490,0,0
14984004043,0,1,0,1,98257,0,54,0,0
15006092044,0,1,1,1,21361,0,54,0,0
15006092045,1,1,0,149521,1,1424,1490,0,0
15103204043,0,1,0,1,98257,0,54,0,0
15113249018,1,1,0,150945,1,1424,1490,0,0
15125292044,0,1,1,1,21361,0,54,0,0
15222404043,0,1,0,1,98257,0,54,0,0
15227169017,1,1,0,152369,1,1424,1490,0,0
15341604043,0,1,0,1,98257,0,54,0,0
15379062349,1,1,0,153793,1,1424,1490,0,0
15460804043,0,1,0,1,98257,0,54,0,0
15492982348,1,1,0,155217,1,1424,1490,0,0
15580004043,0,1,0,1,109649,0,54,0,0
15580004043,1,1,0,109649,1,1424,1490,0,0
15606902347,1,1,0,156641,1,1424,1490,0,0
15699204043,0,1,0,1,109649,0,54,0,0
15720822346,1,1,0,158065,1,1424,1490,0,0
16295204043,0,1,0,1,109649,0,54,0,0
16295204044,1,1,0,159489,1,1424,1490,0,0
16317292044,0,1,1,1,21361,0,54,0,0
16414404043,0,1,0,1,109649,0,54,0,0
16414404044,1,1,1,42721,1,1424,1490,0,0
16436492044,0,1,1,1,21361,0,54,0,0
16436492045,1,1,1,44145,1,1424,1490,0,0
16436492045,1,1,0,160913,1,1424,1490,0,0
16533604043,0,1,0,1,109649,0,54,0,0
16555692044,0,1,1,1,21361,0,54,0,0
16555692045,1,1,1,45569,1,1424,1490,0,0
16555692045,1,1,0,162337,1,1424,1490,0,0
16674892044,0,1,1,1,21361,0,54,0,0
16674892045,1,1,1,46993,1,1424,1490,0,0
16772004043,0,1,0,1,109649,0,54,0,0
16772004044,1,1,0,163761,1,1424,1490,0,0
16891204043,0,1,0,1,109649,0,54,0,0
17010404043,0,1,0,1,109649,0,54,0,0
17129604043,0,1,0,1,109649,0,54,0,0
17129604044,1,1,0,165185,1,1424,1490,0,0
17129604044,1,1,0,166609,1,1424,1490,0,0
17151692044,0,1,1,1,42721,0,54,0,0
17151692045,1,1,1,48417,1,1424,1490,0,0
17153444044,1,1,0,168033,1,1424,1490,0,0
17214475684,1,1,1,49841,1,1424,1490,0,0
17248804043,0,1,0,1,111073,0,54,0,0
17248804043,1,1,0,111073,1,1424,1490,0,0
17252449017,1,1,0,169457,1,1424,1490,0,0
17368004043,0,1,0,1,111073,0,54,0,0
17404342349,1,1,0,170881,1,1424,1490,0,0
17487204043,0,1,0,1,111073,0,54,0,0
17518262348,1,1,0,172305,1,1424,1490,0,0
17606404043,0,1,0,1,111073,0,54,0,0
17670155680,1,1,0,173729,1,1424,1490,0,0
17725604043,0,1,0,1,111073,0,54,0,0
17725604044,1,1,0,175153,1,1424,1490,0,0
17844804043,0,1,0,1,111073,0,54,0,0
17897995678,1,1,0,176577,1,1424,1490,0,0
17964004043,0,1,0,1,111073,0,54,0,0
17973942344,1,1,0,178001,1,1424,1490,0,0
18202404043,0,1,0,1,111073,0,54,0,0
18202404044,1,1,0,179425,1,1424,1490,0,0
18440804043,0,1,0,1,111073,0,54,0,0
18440804044,1,1,0,180849,1,1424,1490,0,0
18491720276,1,1,0,111073,1,1424,1490,0,0
18560004043,0,1,0,1,111073,0,54,0,0
18679204043,0,1,0,1,115345,0,54,0,0
18679204044,1,1,0,115345,1,1424,1490,0,0
18679204044,1,1,0,116769,1,1424,1490,0,0
18782092044,0,1,1,1,44145,0,54,0,0
18782092045,1,1,1,51265,1,1424,1490,0,0
18917604043,0,1,0,1,115345,0,54,0,0
19020492044,0,1,1,1,45569,0,54,0,0
19087862352,1,1,1,52689,1,1424,1490,0,0
19156004043,0,1,0,1,115345,0,54,0,0
19275204043,0,1,0,1,115345,0,54,0,0
19394404043,0,1,0,1,115345,0,54,0,0
19497292044,0,1,1,1,46993,0,54,0,0
19497292045,1,1,1,54113,1,1424,1490,0,0
19513604043,0,1,0,1,115345,0,54,0,0
19735692044,0,1,1,1,48417,0,54,0,0
19771382346,1,1,1,55537,1,1424,1490,0,0
19871204043,0,1,0,1,115345,0,54,0,0
19990404043,0,1,0,1,115345,0,54,0,0
20109604043,0,1,0,1,115345,0,54,0,0
20228804043,0,1,0,1,115345,0,54,0,0
20250892044,0,1,1,1,51265,0,54,0,0
20348004043,0,1,0,1,115345,0,54,0,0
20467204043,0,1,0,1,118193,0,54,0,0
20467204044,1,1,1,56961,1,1424,1490,0,0
20467204044,1,1,0,118193,1,1424,1490,0,0
20467204044,1,1,0,119617,1,1424,1490,0,0
20467204044,1,1,1,58385,1,1424,1490,0,0
20586404043,0,1,0,1,118193,0,54,0,0
21182404043,0,1,0,1,119617,0,54,0,0
21182404044,1,1,0,121041,1,1424,1490,0,0
21301604043,0,1,0,1,126737,0,54,0,0
21301604044,1,1,0,126737,1,1424,1490,0,0
21301604044,1,1,0,128161,1,1424,1490,0,0
21323692044,0,1,1,1,54113,0,54,0,0
21323692045,1,1,1,59809,1,1424,1490,0,0
21340982349,1,1,1,61233,1,1424,1490,0,0
21540004043,0,1,0,1,126737,0,54,0,0
21562092044,0,1,1,1,56961,0,54,0,0
21606795680,1,1,1,62657,1,1424,1490,0,0
21606795680,1,1,1,64081,1,1424,1490,0,0
21778404043,0,1,0,1,182273,0,54,0,0
21778404044,1,1,0,182273,1,1424,1490,0,0
21778404044,1,1,0,183697,1,1424,1490,0,0
21897604043,0,1,0,1,182273,0,54,0,0
22119692044,0,1,1,1,58385,0,54,0,0
22136004043,0,1,0,1,185121,0,54,0,0
22136004044,1,1,0,185121,1,1424,1490,0,0
22136004044,1,1,0,186545,1,1424,1490,0,0
22136004044,1,1,1,65505,1,1424,1490,0,0
22358092044,0,1,1,1,59809,0,54,0,0
22612804043,0,1,0,1,187969,0,54,0,0
22612804044,1,1,1,66929,1,1424,1490,0,0
22873292044,0,1,1,1,62657,0,54,0,0
22873292045,1,1,1,68353,1,1424,1490,0,0
22873292045,1,1,0,187969,1,1424,1490,0,0
22873292045,1,1,1,69777,1,1424,1490,0,0
22873292045,1,1,0,189393,1,1424,1490,0,0
23208804043,0,1,0,1,190817,0,54,0,0
23208804044,1,1,0,190817,1,1424,1490,0,0
23214369017,1,1,0,192241,1,1424,1490,0,0
23350092044,0,1,1,1,65505,0,54,0,0
23366262349,1,1,1,71201,1,1424,1490,0,0
23404235682,1,1,1,72625,1,1424,1490,0,0
23584689630,0,1,0,1,192241,0,54,0,0
23594102347,1,1,0,193665,1,1424,1490,0,0
23594102347,1,1,0,195089,1,1424,1490,0,0
23669292044,0,1,1,1,66929,0,54,0,0
23708022346,1,1,1,74049,1,1424,1490,0,0
23823089630,0,1,0,1,193665,0,54,0,0
23859915678,1,1,0,196513,1,1424,1490,0,0
24061489630,0,1,0,1,195089,0,54,0,0
24061489631,1,1,0,197937,1,1424,1490,0,0
24202777631,0,1,1,1,68353,0,54,0,0
24219089630,0,1,0,1,197937,0,54,0,0
24219089631,1,1,0,199361,1,1424,1490,0,0
24219089631,1,1,1,75473,1,1424,1490,0,0
24219089631,1,1,0,200785,1,1424,1490,0,0
24441177631,0,1,1,1,69777,0,54,0,0
24657489630,0,1,0,1,199361,0,54,0,0
24657489631,1,1,1,76897,1,1424,1490,0,0
24679577631,0,1,1,1,71201,0,54,0,0
24679577632,1,1,0,202209,1,1424,1490,0,0
24815089630,0,1,0,1,202209,0,54,0,0
24815089631,1,1,1,78321,1,1424,1490,0,0
24815089631,1,1,0,203633,1,1424,1490,0,0
25037177631,0,1,1,1,72625,0,54,0,0
25037177632,1,1,0,205057,1,1424,1490,0,0
25087755685,1,1,1,79745,1,1424,1490,0,0
25172689630,0,1,0,1,205057,0,54,0,0
25172689631,1,1,0,206481,1,1424,1490,0,0
25172689631,1,1,0,207905,1,1424,1490,0,0
25275577631,0,1,1,1,74049,0,54,0,0
25277622350,1,1,1,81169,1,1424,1490,0,0
25353569016,1,1,1,82593,1,1424,1490,0,0
25530289630,0,1,0,1,207905,0,54,0,0
25530289631,1,1,0,209329,1,1424,1490,0,0
25543435681,1,1,0,210753,1,1424,1490,0,0
25633177631,0,1,1,1,75473,0,54,0,0
25657355680,1,1,1,84017,1,1424,1490,0,0
25849489630,0,1,0,1,209329,0,54,0,0
25849489631,1,1,0,212177,1,1424,1490,0,0
25885195678,1,1,0,213601,1,1424,1490,0,0
25990777631,0,1,1,1,76897,0,54,0,0
25990777632,1,1,1,85441,1,1424,1490,0,0
26126289630,0,1,0,1,212177,0,54,0,0
26126289631,1,1,0,215025,1,1424,1490,0,0
26386777631,0,1,1,1,79745,0,54,0,0
26386777632,1,1,0,216449,1,1424,1490,0,0
26564689630,0,1,0,1,213601,0,54,0,0
26564689631,1,1,0,217873,1,1424,1490,0,0
26564689631,1,1,1,86865,1,1424,1490,0,0
26803089630,0,1,0,1,215025,0,54,0,0
26803089631,1,1,0,219297,1,1424,1490,0,0
26803089631,1,1,1,88289,1,1424,1490,0,0
26944377631,0,1,1,1,81169,0,54,0,0
27041489630,0,1,0,1,216449,0,54,0,0
27041489631,1,1,1,89713,1,1424,1490,0,0
27041489631,1,1,0,220721,1,1424,1490,0,0
27182777631,0,1,1,1,82593,0,54,0,0
27188982351,1,1,1,91137,1,1424,1490,0,0
27199089630,0,1,0,1,219297,0,54,0,0
27226955684,1,1,0,222145,1,1424,1490,0,0
27226955684,1,1,0,223569,1,1424,1490,0,0
27421177631,0,1,1,1,84017,0,54,0,0
27454795682,1,1,1,92561,1,1424,1490,0,0
27556689630,0,1,0,1,222145,0,54,0,0
27556689631,1,1,0,224993,1,1424,1490,0,0
27556689631,1,1,0,226417,1,1424,1490,0,0
27659577631,0,1,1,1,85441,0,54,0,0
27659577632,1,1,1,93985,1,1424,1490,0,0
27914289630,0,1,0,1,224993,0,54,0,0
27948449011,1,1,0,227841,1,1424,1490,0,0
27986422344,1,1,0,229265,1,1424,1490,0,0
28017177631,0,1,1,1,86865,0,54,0,0
28271889630,0,1,0,1,227841,0,54,0,0
28271889631,1,1,0,230689,1,1424,1490,0,0
28271889631,1,1,0,232113,1,1424,1490,0,0
28374777631,0,1,1,1,88289,0,54,0,0
28374777632,1,1,1,95409,1,1424,1490,0,0
28374777632,1,1,1,96833,1,1424,1490,0,0
28732377631,0,1,1,1,89713,0,54,0,0
28748689630,0,1,0,1,230689,0,54,0,0
28748689631,1,1,1,98257,1,1424,1490,0,0
28748689631,1,1,0,233537,1,1424,1490,0,0
28748689631,1,1,0,234961,1,1424,1490,0,0
28772529631,1,1,0,236385,1,1424,1490,0,0
29009177631,0,1,1,1,92561,0,54,0,0
29009177632,1,1,1,99681,1,1424,1490,0,0
29062369019,1,1,1,101105,1,1424,1490,0,0
29225489630,0,1,0,1,233537,0,54,0,0
29252235684,1,1,0,237809,1,1424,1490,0,0
29252235684,1,1,0,239233,1,1424,1490,0,0
29463889630,0,1,0,1,236385,0,54,0,0
29463889631,1,1,0,240657,1,1424,1490,0,0
29480075682,1,1,0,242081,1,1424,1490,0,0
29485977631,0,1,1,1,95409,0,54,0,0
29518049015,1,1,1,102529,1,1424,1490,0,0
29593995681,1,1,1,103953,1,1424,1490,0,0
29783089630,0,1,0,1,237809,0,54,0,0
29783089631,1,1,0,243505,1,1424,1490,0,0
