timestamp seqno ackno isSyn isFin
382843151 244929 1 0 0
387611147 254897 1 0 0
392379143 262017 1 0 0
397147139 269137 1 0 0
397147139 271985 1 0 0
399531137 276257 1 0 0
409067129 293345 1 0 0
413835125 300465 1 0 0
418603121 310433 1 0 0
423371117 318977 1 0 0
428139113 324673 1 0 0
432907109 336065 1 0 0
437675105 341761 1 0 0
440059103 348881 1 0 0
442443101 353153 1 0 0
444827099 356001 1 0 0
447211097 358849 1 0 0
451979093 368817 1 0 0
454363091 371665 1 0 0
467923145 249201 1 0 0
467923145 250625 1 0 0
479843135 269137 1 0 0
486995129 284801 1 0 0
494147123 296193 1 0 0
496531121 299041 1 0 0
498915119 303313 1 0 0
501299117 309009 1 0 0
501299117 310433 1 0 0
506067113 317553 1 0 0
513219107 331793 1 0 0
517987103 337489 1 0 0
517987103 340337 1 0 0
522755099 348881 1 0 0
525139097 350305 1 0 0
525139097 353153 1 0 0
529907093 361697 1 0 0
532291091 364545 1 0 0
534675089 370241 1 0 0
539443085 378785 1 0 0
543019081 249201 1 0 0
5813368680 6584577 1 0 0
