timestamp,send,connection,subflow,seqno,ackno,size,psize,isSyn,isFin
25104509,0,1,0,0,0,0,58,1,0
25104509,1,1,0,0,1,0,58,1,0
75665562,0,1,0,1,1,0,62,0,0
1240371569,0,1,0,1,1,1424,1502,0,0
1240371569,1,1,0,1,1425,0,54,0,0
1360531569,0,1,0,1425,1,1424,1502,0,0
1480691569,0,1,0,2849,1,1424,1502,0,0
1480691569,1,1,0,1,4273,0,54,0,0
1600851569,0,1,0,4273,1,1424,1502,0,0
1720051569,0,1,0,5697,1,1424,1490,0,0
1720051569,1,1,0,1,7121,0,54,0,0
1839251569,0,1,0,7121,1,1424,1490,0,0
1958451569,0,1,0,8545,1,1424,1490,0,0
1958451569,1,1,0,1,9969,0,54,0,0
2077651569,0,1,0,9969,1,1424,1490,0,0
2196851569,0,1,0,11393,1,1424,1490,0,0
2196851569,1,1,0,1,12817,0,54,0,0
2316051569,0,1,0,12817,1,1424,1490,0,0
2320691569,0,1,1,0,0,0,58,1,0
2320691569,1,1,1,0,1,0,62,1,0
2439891569,0,1,0,14241,1,1424,1490,0,0
2439891569,1,1,0,1,15665,0,54,0,0
2559091569,0,1,0,15665,1,1424,1490,0,0
2678291569,0,1,0,17089,1,1424,1490,0,0
2678291569,1,1,0,1,18513,0,54,0,0
2797491569,0,1,0,18513,1,1424,1490,0,0
2916691569,0,1,0,19937,1,1424,1490,0,0
2916691569,1,1,0,1,21361,0,54,0,0
3035891569,0,1,0,21361,1,1424,1490,0,0
3155091569,0,1,0,22785,1,1424,1490,0,0
3155091569,1,1,0,1,24209,0,54,0,0
3274291569,0,1,0,24209,1,1424,1490,0,0
3393491569,0,1,0,25633,1,1424,1490,0,0
3393491569,1,1,0,1,27057,0,54,0,0
3512691569,0,1,0,27057,1,1424,1490,0,0
3631891569,0,1,0,28481,1,1424,1490,0,0
3631891569,1,1,0,1,29905,0,54,0,0
3751091569,0,1,0,29905,1,1424,1490,0,0
3870291569,0,1,0,31329,1,1424,1490,0,0
3870291569,1,1,0,1,32753,0,54,0,0
3989491569,0,1,0,32753,1,1424,1490,0,0
4108691569,0,1,0,34177,1,1424,1490,0,0
4108691569,1,1,0,1,35601,0,54,0,0
4227891569,0,1,0,35601,1,1424,1490,0,0
4320691569,1,1,1,0,1,0,62,1,0
4347091569,0,1,0,37025,1,1424,1490,0,0
4347091569,1,1,0,1,38449,0,54,0,0
4466291569,0,1,0,38449,1,1424,1490,0,0
4585491569,0,1,0,39873,1,1424,1490,0,0
4585491569,1,1,0,1,41297,0,54,0,0
4588851569,0,1,1,1,1,0,42,0,0
4708051569,0,1,0,41297,1,1424,1490,0,0
4827251569,0,1,0,42721,1,1424,1490,0,0
4827251569,1,1,0,1,44145,0,54,0,0
4946451569,0,1,0,44145,1,1424,1490,0,0
5065651569,0,1,1,1,1,1424,1490,0,0
5065651569,1,1,1,1,1425,0,54,0,0
5146451569,1,1,0,1,45569,0,54,0,0
5184851569,0,1,0,45569,1,1424,1490,0,0
5304051569,0,1,1,1425,1,1424,1490,0,0
5384851569,1,1,0,1,46993,0,54,0,0
5423251569,0,1,0,46993,1,1424,1490,0,0
5504051569,1,1,1,1,2849,0,54,0,0
5542451569,0,1,0,48417,1,1424,1490,0,0
5542451569,1,1,0,1,49841,0,54,0,0
5661651569,0,1,0,49841,1,1424,1490,0,0
5780851569,0,1,1,2849,1,1424,1490,0,0
5861651569,1,1,0,1,51265,0,54,0,0
5900051569,0,1,1,4273,1,1424,1490,0,0
5900051569,1,1,1,1,5697,0,54,0,0
6019251569,0,1,0,51265,1,1424,1490,0,0
6138451569,0,1,0,52689,1,1424,1490,0,0
6138451569,1,1,0,1,54113,0,54,0,0
6257651569,0,1,0,54113,1,1424,1490,0,0
6376851569,0,1,0,55537,1,1424,1490,0,0
6376851569,1,1,0,1,56961,0,54,0,0
6496051569,0,1,0,56961,1,1424,1490,0,0
6615251569,0,1,0,58385,1,1424,1490,0,0
6615251569,1,1,0,1,59809,0,54,0,0
6734451569,0,1,0,59809,1,1424,1490,0,0
6853651569,0,1,0,61233,1,1424,1490,0,0
6853651569,1,1,0,1,62657,0,54,0,0
6972851569,0,1,0,62657,1,1424,1490,0,0
7092051569,0,1,0,64081,1,1424,1490,0,0
7092051569,1,1,0,1,65505,0,54,0,0
7211251569,0,1,0,65505,1,1424,1490,0,0
7330451569,0,1,0,66929,1,1424,1490,0,0
7330451569,1,1,0,1,68353,0,54,0,0
7449651569,0,1,0,68353,1,1424,1490,0,0
7568851569,0,1,0,69777,1,1424,1490,0,0
7568851569,1,1,0,1,71201,0,54,0,0
7688051569,0,1,0,71201,1,1424,1490,0,0
7807251569,0,1,0,72625,1,1424,1490,0,0
7807251569,1,1,0,1,74049,0,54,0,0
7926451569,0,1,0,74049,1,1424,1490,0,0
8045651569,0,1,0,75473,1,1424,1490,0,0
8045651569,1,1,0,1,76897,0,54,0,0
8164851569,0,1,0,76897,1,1424,1490,0,0
8284051569,0,1,0,78321,1,1424,1490,0,0
8284051569,1,1,0,1,79745,0,54,0,0
8403251569,0,1,0,79745,1,1424,1490,0,0
8522451569,0,1,0,82593,1,1424,1490,0,0
8522451569,1,1,0,1,81169,0,54,0,0
8641651569,0,1,0,84017,1,1424,1490,0,0
8641651569,1,1,0,1,81169,0,54,0,0
8760851569,0,1,0,85441,1,1424,1490,0,0
8760851569,1,1,0,1,81169,0,54,0,0
8880051569,0,1,0,86865,1,1424,1490,0,0
8880051569,1,1,0,1,81169,0,54,0,0
8999251569,0,1,0,88289,1,1424,1490,0,0
8999251569,1,1,0,1,81169,0,54,0,0
9118451569,0,1,1,5697,1,1424,1490,0,0
9237651569,0,1,1,7121,1,1424,1490,0,0
9237651569,1,1,1,1,8545,0,54,0,0
9356851569,0,1,0,89713,1,1424,1490,0,0
9356851569,1,1,0,1,81169,0,54,0,0
9476051569,0,1,0,91137,1,1424,1490,0,0
9476051569,1,1,0,1,81169,0,54,0,0
9595251569,0,1,0,92561,1,1424,1490,0,0
9595251569,1,1,0,1,81169,0,54,0,0
9714451569,0,1,1,8545,1,1424,1490,0,0
9833651569,0,1,0,95409,1,1424,1490,0,0
9833651569,1,1,0,1,81169,0,54,0,0
9914451569,1,1,1,1,9969,0,54,0,0
9952851569,0,1,1,9969,1,1424,1490,0,0
10072051569,0,1,1,11393,1,1424,1490,0,0
10072051569,1,1,1,1,12817,0,54,0,0
10191251569,0,1,0,96833,1,1424,1490,0,0
10191251569,1,1,0,1,81169,0,54,0,0
10310451569,0,1,0,98257,1,1424,1490,0,0
10310451569,1,1,0,1,81169,0,54,0,0
10429651569,0,1,1,12817,1,1424,1490,0,0
10548851569,0,1,0,99681,1,1424,1490,0,0
10548851569,1,1,0,1,81169,0,54,0,0
10629651569,1,1,1,1,14241,0,54,0,0
10668051569,0,1,0,102529,1,1424,1490,0,0
10668051569,1,1,0,1,81169,0,54,0,0
10787251569,0,1,1,14241,1,1424,1490,0,0
10906451569,0,1,0,103953,1,1424,1490,0,0
10906451569,1,1,0,1,81169,0,54,0,0
10987251569,1,1,1,1,15665,0,54,0,0
11025651569,0,1,0,106801,1,1424,1490,0,0
11025651569,1,1,0,1,81169,0,54,0,0
11144851569,0,1,0,111073,1,1424,1490,0,0
11144851569,1,1,0,1,81169,0,54,0,0
11264051569,0,1,0,112497,1,1424,1490,0,0
11264051569,1,1,0,1,81169,0,54,0,0
11383251569,0,1,0,113921,1,1424,1490,0,0
11383251569,1,1,0,1,81169,0,54,0,0
11502451569,0,1,0,115345,1,1424,1490,0,0
11502451569,1,1,0,1,81169,0,54,0,0
11621651569,0,1,0,118193,1,1424,1490,0,0
11621651569,1,1,0,1,81169,0,54,0,0
11740851569,0,1,0,119617,1,1424,1490,0,0
11740851569,1,1,0,1,81169,0,54,0,0
11860051569,0,1,0,121041,1,1424,1490,0,0
11860051569,1,1,0,1,81169,0,54,0,0
11979251569,0,1,0,122465,1,1424,1490,0,0
11979251569,1,1,0,1,81169,0,54,0,0
12098451569,0,1,0,123889,1,1424,1490,0,0
12098451569,1,1,0,1,81169,0,54,0,0
12217651569,0,1,0,125313,1,1424,1490,0,0
12217651569,1,1,0,1,81169,0,54,0,0
12336851569,0,1,0,128161,1,1424,1490,0,0
12336851569,1,1,0,1,81169,0,54,0,0
12456051569,0,1,0,129585,1,1424,1490,0,0
12456051569,1,1,0,1,81169,0,54,0,0
12575251569,0,1,1,15665,1,1424,1490,0,0
12694451569,0,1,1,17089,1,1424,1490,0,0
12694451569,1,1,1,1,18513,0,54,0,0
12813651569,0,1,1,18513,1,1424,1490,0,0
12932851569,0,1,1,19937,1,1424,1490,0,0
12932851569,1,1,1,1,21361,0,54,0,0
13052051569,0,1,1,21361,1,1424,1490,0,0
13171251569,0,1,1,22785,1,1424,1490,0,0
13171251569,1,1,1,1,24209,0,54,0,0
13290451569,0,1,1,24209,1,1424,1490,0,0
13409651569,0,1,1,25633,1,1424,1490,0,0
13409651569,1,1,1,1,27057,0,54,0,0
13528851569,0,1,1,27057,1,1424,1490,0,0
13648051569,0,1,0,131009,1,1424,1490,0,0
13648051569,1,1,0,1,81169,0,54,0,0
13728851569,1,1,1,1,28481,0,54,0,0
13767251569,0,1,1,28481,1,1424,1490,0,0
13886451569,0,1,0,132433,1,1424,1490,0,0
13886451569,1,1,0,1,81169,0,54,0,0
13967251569,1,1,1,1,29905,0,54,0,0
14005651569,0,1,0,133857,1,1424,1490,0,0
14005651569,1,1,0,1,81169,0,54,0,0
14124851569,0,1,1,29905,1,1424,1490,0,0
14244051569,0,1,0,135281,1,1424,1490,0,0
14244051569,1,1,0,1,81169,0,54,0,0
14324851569,1,1,1,1,31329,0,54,0,0
14363251569,0,1,1,31329,1,1424,1490,0,0
14482451569,0,1,0,136705,1,1424,1490,0,0
14482451569,1,1,0,1,81169,0,54,0,0
14563251569,1,1,1,1,32753,0,54,0,0
14601651569,0,1,0,138129,1,1424,1490,0,0
14601651569,1,1,0,1,81169,0,54,0,0
14720851569,0,1,0,139553,1,1424,1490,0,0
14720851569,1,1,0,1,81169,0,54,0,0
14840051569,0,1,0,81169,1,1424,1490,0,0
14840051569,1,1,0,1,93985,0,54,0,0
14959251569,0,1,1,32753,1,1424,1490,0,0
15078451569,0,1,1,34177,1,1424,1490,0,0
15078451569,1,1,1,1,35601,0,54,0,0
15197651569,0,1,1,35601,1,1424,1490,0,0
15316851569,0,1,1,37025,1,1424,1490,0,0
15316851569,1,1,1,1,38449,0,54,0,0
15436051569,0,1,1,38449,1,1424,1490,0,0
15555251569,0,1,1,39873,1,1424,1490,0,0
15555251569,1,1,1,1,41297,0,54,0,0
15674451569,0,1,1,41297,1,1424,1490,0,0
15793651569,0,1,1,42721,1,1424,1490,0,0
15793651569,1,1,1,1,44145,0,54,0,0
15912851569,0,1,1,44145,1,1424,1490,0,0
16032051569,0,1,0,93985,1,1424,1490,0,0
16032051569,1,1,0,1,101105,0,54,0,0
16112851569,1,1,1,1,45569,0,54,0,0
16151251569,0,1,0,95409,1,1424,1490,0,0
16151251569,1,1,0,1,101105,0,54,0,0
16270451569,0,1,1,45569,1,1424,1490,0,0
16389651569,0,1,1,46993,1,1424,1490,0,0
16389651569,1,1,1,1,48417,0,54,0,0
16508851569,0,1,1,48417,1,1424,1490,0,0
16628051569,0,1,1,49841,1,1424,1490,0,0
16628051569,1,1,1,1,51265,0,54,0,0
16747251569,0,1,1,51265,1,1424,1490,0,0
16866451569,0,1,1,52689,1,1424,1490,0,0
16866451569,1,1,1,1,54113,0,54,0,0
16985651569,0,1,1,54113,1,1424,1490,0,0
17104851569,0,1,1,55537,1,1424,1490,0,0
17104851569,1,1,1,1,56961,0,54,0,0
17224051569,0,1,1,56961,1,1424,1490,0,0
17343251569,0,1,1,58385,1,1424,1490,0,0
17343251569,1,1,1,1,59809,0,54,0,0
17462451569,0,1,0,101105,1,1424,1490,0,0
17462451569,1,1,0,1,105377,0,54,0,0
17581651569,0,1,0,102529,1,1424,1490,0,0
17581651569,1,1,0,1,105377,0,54,0,0
17700851569,0,1,0,103953,1,1424,1490,0,0
17700851569,1,1,0,1,105377,0,54,0,0
17820051569,0,1,1,59809,1,1424,1490,0,0
17939251569,0,1,1,61233,1,1424,1490,0,0
17939251569,1,1,1,1,62657,0,54,0,0
18058451569,0,1,1,62657,1,1424,1490,0,0
18177651569,0,1,1,64081,1,1424,1490,0,0
18177651569,1,1,1,1,65505,0,54,0,0
18296851569,0,1,1,65505,1,1424,1490,0,0
18416051569,0,1,1,66929,1,1424,1490,0,0
18416051569,1,1,1,1,68353,0,54,0,0
18535251569,0,1,1,68353,1,1424,1490,0,0
18654451569,0,1,1,69777,1,1424,1490,0,0
18654451569,1,1,1,1,71201,0,54,0,0
18773651569,0,1,1,71201,1,1424,1490,0,0
18892851569,0,1,1,72625,1,1424,1490,0,0
18892851569,1,1,1,1,74049,0,54,0,0
19012051569,0,1,1,74049,1,1424,1490,0,0
19131251569,0,1,1,75473,1,1424,1490,0,0
19131251569,1,1,1,1,76897,0,54,0,0
19250451569,0,1,0,105377,1,1424,1490,0,0
19250451569,1,1,0,1,108225,0,54,0,0
19369651569,0,1,0,106801,1,1424,1490,0,0
19369651569,1,1,0,1,108225,0,54,0,0
19488851569,0,1,0,108225,1,1424,1490,0,0
19488851569,1,1,0,1,109649,0,54,0,0
19608051569,0,1,1,76897,1,1424,1490,0,0
19727251569,0,1,0,109649,1,1424,1490,0,0
19727251569,1,1,0,1,116769,0,54,0,0
19808051569,1,1,1,1,78321,0,54,0,0
19846451569,0,1,1,78321,1,1424,1490,0,0
19965651569,0,1,1,79745,1,1424,1490,0,0
19965651569,1,1,1,1,81169,0,54,0,0
20084851569,0,1,1,81169,1,1424,1490,0,0
20204051569,0,1,1,82593,1,1424,1490,0,0
20204051569,1,1,1,1,84017,0,54,0,0
20323251569,0,1,1,84017,1,1424,1490,0,0
20442451569,0,1,1,85441,1,1424,1490,0,0
20442451569,1,1,1,1,86865,0,54,0,0
20561651569,0,1,1,86865,1,1424,1490,0,0
20680851569,0,1,1,88289,1,1424,1490,0,0
20680851569,1,1,1,1,89713,0,54,0,0
20800051569,0,1,1,89713,1,1424,1490,0,0
20919251569,0,1,1,91137,1,1424,1490,0,0
20919251569,1,1,1,1,92561,0,54,0,0
21038451569,0,1,1,92561,1,1424,1490,0,0
21157651569,0,1,1,93985,1,1424,1490,0,0
21157651569,1,1,1,1,95409,0,54,0,0
21276851569,0,1,1,95409,1,1424,1490,0,0
21396051569,0,1,1,96833,1,1424,1490,0,0
21396051569,1,1,1,1,98257,0,54,0,0
21515251569,0,1,0,111073,1,1424,1490,0,0
21515251569,1,1,0,1,116769,0,54,0,0
21634451569,0,1,0,112497,1,1424,1490,0,0
21634451569,1,1,0,1,116769,0,42,0,0
21753651569,0,1,1,98257,1,1424,1490,0,0
21872851569,0,1,1,99681,1,1424,1490,0,0
21872851569,1,1,1,1,101105,0,54,0,0
21992051569,0,1,0,115345,1,1424,1490,0,0
21992051569,1,1,0,1,116769,0,54,0,0
22111251569,0,1,0,116769,1,1424,1490,0,0
22111251569,1,1,0,1,126737,0,54,0,0
22230451569,0,1,1,101105,1,1424,1490,0,0
22349651569,0,1,1,102529,1,1424,1490,0,0
22349651569,1,1,1,1,103953,0,54,0,0
22468851569,0,1,0,118193,1,1424,1490,0,0
22468851569,1,1,0,1,126737,0,54,0,0
22588051569,0,1,0,119617,1,1424,1490,0,0
22588051569,1,1,0,1,126737,0,42,0,0
22707251569,0,1,0,121041,1,1424,1490,0,0
22707251569,1,1,0,1,126737,0,42,0,0
22826451569,0,1,1,103953,1,1424,1490,0,0
22945651569,0,1,0,122465,1,1424,1490,0,0
22945651569,1,1,0,1,126737,0,42,0,0
23026451569,1,1,1,1,105377,0,54,0,0
23064851569,0,1,0,123889,1,1424,1490,0,0
23064851569,1,1,0,1,126737,0,42,0,0
23184051569,0,1,1,105377,1,1424,1490,0,0
23303251569,0,1,1,106801,1,1424,1490,0,0
23303251569,1,1,1,1,108225,0,54,0,0
23422451569,0,1,1,108225,1,1424,1490,0,0
23541651569,0,1,1,109649,1,1424,1490,0,0
23541651569,1,1,1,1,111073,0,54,0,0
23660851569,0,1,1,111073,1,1424,1490,0,0
23780051569,0,1,1,112497,1,1424,1490,0,0
23780051569,1,1,1,1,113921,0,54,0,0
23899251569,0,1,1,115345,1,1424,1490,0,0
23899251569,1,1,1,1,113921,0,54,0,0
24018451569,0,1,1,118193,1,1424,1490,0,0
24018451569,1,1,1,1,113921,0,54,0,0
24137651569,0,1,1,119617,1,1424,1490,0,0
24137651569,1,1,1,1,113921,0,54,0,0
24256851569,0,1,1,121041,1,1424,1490,0,0
24256851569,1,1,1,1,113921,0,54,0,0
24376051569,0,1,1,122465,1,1424,1490,0,0
24376051569,1,1,1,1,113921,0,54,0,0
24495251569,0,1,1,123889,1,1424,1490,0,0
24495251569,1,1,1,1,113921,0,54,0,0
24614451569,0,1,1,125313,1,1424,1490,0,0
24614451569,1,1,1,1,113921,0,54,0,0
24733651569,0,1,1,126737,1,1424,1490,0,0
24733651569,1,1,1,1,113921,0,54,0,0
24852851569,0,1,1,128161,1,1424,1490,0,0
24852851569,1,1,1,1,113921,0,54,0,0
24972051569,0,1,1,129585,1,1424,1490,0,0
24972051569,1,1,1,1,113921,0,54,0,0
25091251569,0,1,1,131009,1,1424,1490,0,0
25091251569,1,1,1,1,113921,0,54,0,0
25210451569,0,1,0,126737,1,1424,1490,0,0
25210451569,1,1,0,1,140977,0,54,0,0
25329651569,0,1,0,128161,1,1424,1490,0,0
25329651569,1,1,0,1,140977,0,54,0,0
25448851569,0,1,0,129585,1,1424,1490,0,0
25448851569,1,1,0,1,140977,0,42,0,0
25568051569,0,1,1,132433,1,1424,1490,0,0
25568051569,1,1,1,1,113921,0,54,0,0
25687251569,0,1,0,132433,1,1424,1490,0,0
25687251569,1,1,0,1,140977,0,42,0,0
25806451569,0,1,0,133857,1,1424,1490,0,0
25806451569,1,1,0,1,140977,0,42,0,0
25925651569,0,1,0,135281,1,1424,1490,0,0
25925651569,1,1,0,1,140977,0,42,0,0
26044851569,0,1,0,136705,1,1424,1490,0,0
26044851569,1,1,0,1,140977,0,42,0,0
26164051569,0,1,1,133857,1,1424,1490,0,0
26164051569,1,1,1,1,113921,0,54,0,0
26283251569,0,1,1,135281,1,1424,1490,0,0
26283251569,1,1,1,1,113921,0,54,0,0
26402451569,0,1,1,136705,1,1424,1490,0,0
26402451569,1,1,1,1,113921,0,54,0,0
26521651569,0,1,1,138129,1,1424,1490,0,0
26521651569,1,1,1,1,113921,0,54,0,0
26640851569,0,1,1,140977,1,1424,1490,0,0
26640851569,1,1,1,1,113921,0,54,0,0
26760051569,0,1,1,142401,1,1424,1490,0,0
26760051569,1,1,1,1,113921,0,54,0,0
26879251569,0,1,1,143825,1,1424,1490,0,0
26879251569,1,1,1,1,113921,0,54,0,0
26998451569,0,1,1,145249,1,1424,1490,0,0
26998451569,1,1,1,1,113921,0,54,0,0
27117651569,0,1,1,146673,1,1424,1490,0,0
27117651569,1,1,1,1,113921,0,54,0,0
27236851569,0,1,1,148097,1,1424,1490,0,0
27236851569,1,1,1,1,113921,0,54,0,0
27356051569,0,1,1,150945,1,1424,1490,0,0
27356051569,1,1,1,1,113921,0,54,0,0
27475251569,0,1,1,152369,1,1424,1490,0,0
27475251569,1,1,1,1,113921,0,54,0,0
27594451569,0,1,1,153793,1,1424,1490,0,0
27594451569,1,1,1,1,113921,0,54,0,0
27713651569,0,1,1,155217,1,1424,1490,0,0
27713651569,1,1,1,1,113921,0,54,0,0
27832851569,0,1,1,158065,1,1424,1490,0,0
27832851569,1,1,1,1,113921,0,54,0,0
27952051569,0,1,1,159489,1,1424,1490,0,0
27952051569,1,1,1,1,113921,0,54,0,0
28071251569,0,1,1,160913,1,1424,1490,0,0
28071251569,1,1,1,1,113921,0,54,0,0
28190451569,0,1,1,162337,1,1424,1490,0,0
28190451569,1,1,1,1,113921,0,54,0,0
28309651569,0,1,1,163761,1,1424,1490,0,0
28309651569,1,1,1,1,113921,0,54,0,0
28428851569,0,1,1,165185,1,1424,1490,0,0
28428851569,1,1,1,1,113921,0,54,0,0
28548051569,0,1,0,140977,1,1424,1490,0,0
28667251569,0,1,0,142401,1,1424,1490,0,0
28667251569,1,1,0,1,143825,0,54,0,0
28786451569,0,1,0,143825,1,1424,1490,0,0
28905651569,0,1,1,169457,1,1424,1490,0,0
28905651569,1,1,1,1,113921,0,54,0,0
28986451569,1,1,0,1,145249,0,54,0,0
29024851569,0,1,0,145249,1,1424,1490,0,0
29144051569,0,1,0,146673,1,1424,1490,0,0
29144051569,1,1,0,1,148097,0,54,0,0
29263251569,0,1,0,149521,1,1424,1490,0,0
29263251569,1,1,0,1,148097,0,54,0,0
29382451569,0,1,0,150945,1,1424,1490,0,0
29382451569,1,1,0,1,148097,0,54,0,0
29501651569,0,1,0,152369,1,1424,1490,0,0
29501651569,1,1,0,1,148097,0,54,0,0
29620851569,0,1,1,170881,1,1424,1490,0,0
29620851569,1,1,1,1,113921,0,54,0,0
29740051569,0,1,1,172305,1,1424,1490,0,0
29740051569,1,1,1,1,113921,0,54,0,0
29859251569,0,1,0,140977,1,1424,1490,0,0
29859251569,1,1,0,1,148097,0,54,0,0
29978451569,0,1,1,175153,1,1424,1490,0,0
29978451569,1,1,1,1,113921,0,54,0,0
