timestamp,seqno,ackno,isSyn,isFin
5617977156,81169,1,0,0
6666937156,93985,1,0,0
7228928796,101105,1,0,0
7342848795,105377,1,0,0
7418795461,108225,1,0,0
7456768794,109649,1,0,0
7870857156,116769,1,0,0
8359577156,126737,1,0,0
8931737155,81169,1,0,0
19325977156,113921,1,0,0
19838537156,125313,1,0,0
20641705157,113921,1,0,0
20880105157,116769,1,0,0
22198697156,131009,1,0,0
22787305157,139553,1,0,0
23621705157,149521,1,0,0
24217705157,156641,1,0,0
25052105157,166609,1,0,0
25171305157,168033,1,0,0
25321737156,148097,1,0,0
25648105157,173729,1,0,0
25886505157,176577,1,0,0
