timestamp,send,connection,subflow,seqno,ackno,size,psize,isSyn,isFin
0,1,1,0,0,0,0,58,1,0
50209018,0,1,0,0,1,0,58,1,0
50209018,1,1,0,1,1,0,62,0,0
1088182352,1,1,0,1,1,1424,1502,0,0
1126155685,1,1,0,1425,1,1424,1502,0,0
1164129018,1,1,0,2849,1,1424,1502,0,0
1202102351,1,1,0,4273,1,1424,1502,0,0
1265124043,0,1,0,1,1425,0,54,0,0
1265124043,1,1,1,0,0,0,58,1,0
1265124044,1,1,0,5697,1,1424,1490,0,0
1278049017,1,1,0,7121,1,1424,1490,0,0
1505444043,0,1,0,1,4273,0,54,0,0
1505444044,1,1,0,8545,1,1424,1490,0,0
1505444044,1,1,0,9969,1,1424,1490,0,0
1529284044,1,1,0,11393,1,1424,1490,0,0
1744804043,0,1,0,1,7121,0,54,0,0
1744804044,1,1,0,12817,1,1424,1490,0,0
1744804044,1,1,0,14241,1,1424,1490,0,0
1768644044,1,1,0,15665,1,1424,1490,0,0
1983204043,0,1,0,1,9969,0,54,0,0
1983204044,1,1,0,17089,1,1424,1490,0,0
1983204044,1,1,0,18513,1,1424,1490,0,0
2007044044,1,1,0,19937,1,1424,1490,0,0
2221604043,0,1,0,1,12817,0,54,0,0
2221604044,1,1,0,21361,1,1424,1490,0,0
2221604044,1,1,0,22785,1,1424,1490,0,0
2245444044,1,1,0,24209,1,1424,1490,0,0
2464644043,0,1,0,1,15665,0,54,0,0
2464644044,1,1,0,25633,1,1424,1490,0,0
2464644044,1,1,0,27057,1,1424,1490,0,0
2488484044,1,1,0,28481,1,1424,1490,0,0
2703044043,0,1,0,1,18513,0,54,0,0
2703044044,1,1,0,29905,1,1424,1490,0,0
2703044044,1,1,0,31329,1,1424,1490,0,0
2726884044,1,1,0,32753,1,1424,1490,0,0
2845612112,0,1,1,0,1,0,62,1,0
2845612112,1,1,1,1,1,0,42,0,0
2845612112,1,1,1,1,1,1424,1490,0,0
2941444043,0,1,0,1,21361,0,54,0,0
2968172112,1,1,1,1425,1,1424,1490,0,0
3075489019,1,1,0,34177,1,1424,1490,0,0
3113462352,1,1,1,2849,1,1424,1490,0,0
3151435685,1,1,0,35601,1,1424,1490,0,0
3179844043,0,1,0,1,24209,0,54,0,0
3189409018,1,1,1,4273,1,1424,1490,0,0
3227382351,1,1,0,37025,1,1424,1490,0,0
3265355684,1,1,0,38449,1,1424,1490,0,0
3303329017,1,1,0,39873,1,1424,1490,0,0
3341302350,1,1,0,41297,1,1424,1490,0,0
3418244043,0,1,0,1,27057,0,54,0,0
3418244044,1,1,0,42721,1,1424,1490,0,0
3418244044,1,1,0,44145,1,1424,1490,0,0
3455222349,1,1,0,45569,1,1424,1490,0,0
3656644043,0,1,0,1,29905,0,54,0,0
3656644044,1,1,0,46993,1,1424,1490,0,0
3656644044,1,1,0,48417,1,1424,1490,0,0
3680484044,1,1,0,49841,1,1424,1490,0,0
3895044043,0,1,0,1,32753,0,54,0,0
3895044044,1,1,0,51265,1,1424,1490,0,0
3895044044,1,1,0,52689,1,1424,1490,0,0
3918884044,1,1,0,54113,1,1424,1490,0,0
4133444043,0,1,0,1,35601,0,54,0,0
4133444044,1,1,0,55537,1,1424,1490,0,0
4133444044,1,1,0,56961,1,1424,1490,0,0
4157284044,1,1,0,58385,1,1424,1490,0,0
4371844043,0,1,0,1,38449,0,54,0,0
4371844044,1,1,0,59809,1,1424,1490,0,0
4371844044,1,1,0,61233,1,1424,1490,0,0
4395684044,1,1,0,62657,1,1424,1490,0,0
4610244043,0,1,0,1,41297,0,54,0,0
4610244044,1,1,0,64081,1,1424,1490,0,0
4610244044,1,1,0,65505,1,1424,1490,0,0
4634084044,1,1,0,66929,1,1424,1490,0,0
4845612112,0,1,1,0,1,0,62,1,0
4852004043,0,1,0,1,44145,0,54,0,0
5062795685,1,1,0,68353,1,1424,1490,0,0
5100769018,1,1,0,69777,1,1424,1490,0,0
5138742351,1,1,0,71201,1,1424,1490,0,0
5171204043,0,1,0,1,45569,0,54,0,0
5176715684,1,1,0,72625,1,1424,1490,0,0
5214689017,1,1,0,74049,1,1424,1490,0,0
5409604043,0,1,0,1,46993,0,54,0,0
5409604044,1,1,0,75473,1,1424,1490,0,0
5409604044,1,1,0,76897,1,1424,1490,0,0
5567204043,0,1,0,1,49841,0,54,0,0
5567204044,1,1,0,78321,1,1424,1490,0,0
5567204044,1,1,0,79745,1,1424,1490,0,0
5589292044,0,1,1,1,1425,0,54,0,0
5589292045,1,1,1,5697,1,1424,1490,0,0
5589292045,1,1,1,7121,1,1424,1490,0,0
5591044044,1,1,0,81169,1,1424,1490,0,0
5886404043,0,1,0,1,51265,0,54,0,0
5886404044,1,1,0,82593,1,1424,1490,0,0
5886404044,1,1,0,84017,1,1424,1490,0,0
6027692044,0,1,1,1,2849,0,54,0,0
6027692045,1,1,1,8545,1,1424,1490,0,0
6027692045,1,1,1,9969,1,1424,1490,0,0
6163204043,0,1,0,1,54113,0,54,0,0
6163204044,1,1,0,85441,1,1424,1490,0,0
6163204044,1,1,0,86865,1,1424,1490,0,0
6187044044,1,1,0,88289,1,1424,1490,0,0
6401604043,0,1,0,1,56961,0,54,0,0
6401604044,1,1,0,89713,1,1424,1490,0,0
6401604044,1,1,0,91137,1,1424,1490,0,0
6423692044,0,1,1,1,5697,0,54,0,0
6423692045,1,1,1,11393,1,1424,1490,0,0
6423692045,1,1,1,12817,1,1424,1490,0,0
6425444044,1,1,0,92561,1,1424,1490,0,0
6640004043,0,1,0,1,59809,0,54,0,0
6640004044,1,1,0,93985,1,1424,1490,0,0
6640004044,1,1,0,95409,1,1424,1490,0,0
6662092045,1,1,1,14241,1,1424,1490,0,0
6878404043,0,1,0,1,62657,0,54,0,0
7088075685,1,1,0,96833,1,1424,1490,0,0
7116804043,0,1,0,1,65505,0,54,0,0
7126049018,1,1,0,98257,1,1424,1490,0,0
7164022351,1,1,0,99681,1,1424,1490,0,0
7201995684,1,1,0,101105,1,1424,1490,0,0
7239969017,1,1,0,102529,1,1424,1490,0,0
7277942350,1,1,0,103953,1,1424,1490,0,0
7315915683,1,1,0,105377,1,1424,1490,0,0
7355204043,0,1,0,1,68353,0,54,0,0
7355204044,1,1,0,106801,1,1424,1490,0,0
7391862349,1,1,0,108225,1,1424,1490,0,0
7429835682,1,1,0,109649,1,1424,1490,0,0
7593604043,0,1,0,1,71201,0,54,0,0
7593604044,1,1,0,111073,1,1424,1490,0,0
7593604044,1,1,0,112497,1,1424,1490,0,0
7617444044,1,1,0,113921,1,1424,1490,0,0
7832004043,0,1,0,1,74049,0,54,0,0
7832004044,1,1,0,115345,1,1424,1490,0,0
7832004044,1,1,0,116769,1,1424,1490,0,0
7855844044,1,1,0,118193,1,1424,1490,0,0
8070404043,0,1,0,1,76897,0,54,0,0
8070404044,1,1,0,119617,1,1424,1490,0,0
8070404044,1,1,0,121041,1,1424,1490,0,0
8094244044,1,1,0,122465,1,1424,1490,0,0
8308804043,0,1,0,1,79745,0,54,0,0
8308804044,1,1,0,123889,1,1424,1490,0,0
8308804044,1,1,0,125313,1,1424,1490,0,0
8332644044,1,1,0,126737,1,1424,1490,0,0
8547204043,0,1,0,1,81169,0,54,0,0
8547204044,1,1,0,128161,1,1424,1490,0,0
8547204044,1,1,0,129585,1,1424,1490,0,0
8666404043,0,1,0,1,81169,0,54,0,0
8785604043,0,1,0,1,81169,0,54,0,0
8904804043,0,1,0,1,81169,0,54,0,0
8904804043,1,1,0,81169,1,1424,1490,0,0
9024004043,0,1,0,1,81169,0,54,0,0
9381604043,0,1,0,1,81169,0,54,0,0
9500804043,0,1,0,1,81169,0,54,0,0
9620004043,0,1,0,1,81169,0,54,0,0
9761292044,0,1,1,1,8545,0,54,0,0
9761292045,1,1,1,15665,1,1424,1490,0,0
9761292045,1,1,1,17089,1,1424,1490,0,0
9858404043,0,1,0,1,81169,0,54,0,0
9999692045,1,1,1,18513,1,1424,1490,0,0
10216004043,0,1,0,1,81169,0,54,0,0
10335204043,0,1,0,1,81169,0,54,0,0
10438092044,0,1,1,1,9969,0,54,0,0
10438092045,1,1,1,19937,1,1424,1490,0,0
10438092045,1,1,1,21361,1,1424,1490,0,0
10573604043,0,1,0,1,81169,0,54,0,0
10595692044,0,1,1,1,12817,0,54,0,0
10595692045,1,1,1,22785,1,1424,1490,0,0
10692804043,0,1,0,1,81169,0,54,0,0
10795692045,1,1,1,24209,1,1424,1490,0,0
10795692045,1,1,1,25633,1,1424,1490,0,0
10931204043,0,1,0,1,81169,0,54,0,0
11050404043,0,1,0,1,81169,0,54,0,0
11153292044,0,1,1,1,14241,0,54,0,0
11153292045,1,1,1,27057,1,1424,1490,0,0
11153292045,1,1,1,28481,1,1424,1490,0,0
11169604043,0,1,0,1,81169,0,54,0,0
11288804043,0,1,0,1,81169,0,54,0,0
11408004043,0,1,0,1,81169,0,54,0,0
11510892044,0,1,1,1,15665,0,54,0,0
11510892045,1,1,1,29905,1,1424,1490,0,0
11510892045,1,1,1,31329,1,1424,1490,0,0
11527204043,0,1,0,1,81169,0,54,0,0
11646404043,0,1,0,1,81169,0,54,0,0
11765604043,0,1,0,1,81169,0,54,0,0
11765604044,1,1,0,131009,1,1424,1490,0,0
11884804043,0,1,0,1,81169,0,54,0,0
11884804044,1,1,0,132433,1,1424,1490,0,0
12004004043,0,1,0,1,81169,0,54,0,0
12004004044,1,1,0,133857,1,1424,1490,0,0
12123204043,0,1,0,1,81169,0,54,0,0
12123204044,1,1,0,135281,1,1424,1490,0,0
12242404043,0,1,0,1,81169,0,54,0,0
12242404044,1,1,0,136705,1,1424,1490,0,0
12361604043,0,1,0,1,81169,0,54,0,0
12361604044,1,1,0,138129,1,1424,1490,0,0
12480804043,0,1,0,1,81169,0,54,0,0
12480804044,1,1,0,139553,1,1424,1490,0,0
13218092044,0,1,1,1,18513,0,54,0,0
13218092045,1,1,1,32753,1,1424,1490,0,0
13218092045,1,1,1,34177,1,1424,1490,0,0
13456492044,0,1,1,1,21361,0,54,0,0
13456492045,1,1,1,35601,1,1424,1490,0,0
13456492045,1,1,1,37025,1,1424,1490,0,0
13617823213,1,1,0,81169,1,1424,1490,0,0
13672804043,0,1,0,1,81169,0,54,0,0
13694892044,0,1,1,1,24209,0,54,0,0
13694892045,1,1,1,38449,1,1424,1490,0,0
13694892045,1,1,1,39873,1,1424,1490,0,0
13911204043,0,1,0,1,81169,0,54,0,0
13933292044,0,1,1,1,27057,0,54,0,0
13933292045,1,1,1,41297,1,1424,1490,0,0
13933292045,1,1,1,42721,1,1424,1490,0,0
14030404043,0,1,0,1,81169,0,54,0,0
14171692045,1,1,1,44145,1,1424,1490,0,0
14171692045,1,1,1,45569,1,1424,1490,0,0
14252492044,0,1,1,1,28481,0,54,0,0
14268804043,0,1,0,1,81169,0,54,0,0
14410092045,1,1,1,46993,1,1424,1490,0,0
14410092045,1,1,1,48417,1,1424,1490,0,0
14490892044,0,1,1,1,29905,0,54,0,0
14507204043,0,1,0,1,81169,0,54,0,0
14626404043,0,1,0,1,81169,0,54,0,0
14648492045,1,1,1,49841,1,1424,1490,0,0
14648492045,1,1,1,51265,1,1424,1490,0,0
14745604043,0,1,0,1,81169,0,54,0,0
14848492044,0,1,1,1,31329,0,54,0,0
14848492045,1,1,1,52689,1,1424,1490,0,0
14864804043,0,1,0,1,93985,0,54,0,0
14864804044,1,1,0,93985,1,1424,1490,0,0
14864804044,1,1,0,95409,1,1424,1490,0,0
15006092045,1,1,1,54113,1,1424,1490,0,0
15006092045,1,1,1,55537,1,1424,1490,0,0
15086892044,0,1,1,1,32753,0,54,0,0
15244492045,1,1,1,56961,1,1424,1490,0,0
15244492045,1,1,1,58385,1,1424,1490,0,0
15482892045,1,1,1,59809,1,1424,1490,0,0
15602092044,0,1,1,1,35601,0,54,0,0
15602092045,1,1,1,61233,1,1424,1490,0,0
15602092045,1,1,1,62657,1,1424,1490,0,0
15840492044,0,1,1,1,38449,0,54,0,0
15840492045,1,1,1,64081,1,1424,1490,0,0
15840492045,1,1,1,65505,1,1424,1490,0,0
16056804043,0,1,0,1,101105,0,54,0,0
16056804044,1,1,0,101105,1,1424,1490,0,0
16056804044,1,1,0,102529,1,1424,1490,0,0
16078892044,0,1,1,1,41297,0,54,0,0
16078892045,1,1,1,66929,1,1424,1490,0,0
16078892045,1,1,1,68353,1,1424,1490,0,0
16080644044,1,1,0,103953,1,1424,1490,0,0
16176004043,0,1,0,1,101105,0,54,0,0
16317292044,0,1,1,1,44145,0,54,0,0
16317292045,1,1,1,69777,1,1424,1490,0,0
16317292045,1,1,1,71201,1,1424,1490,0,0
16555692045,1,1,1,72625,1,1424,1490,0,0
16555692045,1,1,1,74049,1,1424,1490,0,0
16636492044,0,1,1,1,45569,0,54,0,0
16794092045,1,1,1,75473,1,1424,1490,0,0
16794092045,1,1,1,76897,1,1424,1490,0,0
16913292044,0,1,1,1,48417,0,54,0,0
16913292045,1,1,1,78321,1,1424,1490,0,0
17151692044,0,1,1,1,51265,0,54,0,0
17151692045,1,1,1,79745,1,1424,1490,0,0
17151692045,1,1,1,81169,1,1424,1490,0,0
17390092044,0,1,1,1,54113,0,54,0,0
17390092045,1,1,1,82593,1,1424,1490,0,0
17390092045,1,1,1,84017,1,1424,1490,0,0
17487204043,0,1,0,1,105377,0,54,0,0
17487204044,1,1,0,105377,1,1424,1490,0,0
17487204044,1,1,0,106801,1,1424,1490,0,0
17511044044,1,1,0,108225,1,1424,1490,0,0
17511044044,1,1,0,109649,1,1424,1490,0,0
17606404043,0,1,0,1,105377,0,54,0,0
17628492044,0,1,1,1,56961,0,54,0,0
17628492045,1,1,1,85441,1,1424,1490,0,0
17628492045,1,1,1,86865,1,1424,1490,0,0
17725604043,0,1,0,1,105377,0,54,0,0
17866892044,0,1,1,1,59809,0,54,0,0
17866892045,1,1,1,88289,1,1424,1490,0,0
17866892045,1,1,1,89713,1,1424,1490,0,0
18105292045,1,1,1,91137,1,1424,1490,0,0
18105292045,1,1,1,92561,1,1424,1490,0,0
18343692045,1,1,1,93985,1,1424,1490,0,0
18343692045,1,1,1,95409,1,1424,1490,0,0
18462892044,0,1,1,1,62657,0,54,0,0
18462892045,1,1,1,96833,1,1424,1490,0,0
18701292044,0,1,1,1,65505,0,54,0,0
18701292045,1,1,1,98257,1,1424,1490,0,0
18701292045,1,1,1,99681,1,1424,1490,0,0
18939692044,0,1,1,1,68353,0,54,0,0
18939692045,1,1,1,101105,1,1424,1490,0,0
18939692045,1,1,1,102529,1,1424,1490,0,0
19178092044,0,1,1,1,71201,0,54,0,0
19178092045,1,1,1,103953,1,1424,1490,0,0
19178092045,1,1,1,105377,1,1424,1490,0,0
19275204043,0,1,0,1,108225,0,54,0,0
19275204044,1,1,0,111073,1,1424,1490,0,0
19275204044,1,1,0,112497,1,1424,1490,0,0
19299044044,1,1,0,113921,1,1424,1490,0,0
19394404043,0,1,0,1,108225,0,54,0,0
19416492044,0,1,1,1,74049,0,54,0,0
19416492045,1,1,1,106801,1,1424,1490,0,0
19416492045,1,1,1,108225,1,1424,1490,0,0
19513604043,0,1,0,1,109649,0,54,0,0
19513604044,1,1,0,115345,1,1424,1490,0,0
19513604044,1,1,0,116769,1,1424,1490,0,0
19654892044,0,1,1,1,76897,0,54,0,0
19654892045,1,1,1,109649,1,1424,1490,0,0
19654892045,1,1,1,111073,1,1424,1490,0,0
19752004043,0,1,0,1,116769,0,54,0,0
19752004044,1,1,0,118193,1,1424,1490,0,0
19752004044,1,1,0,119617,1,1424,1490,0,0
19775844044,1,1,0,121041,1,1424,1490,0,0
19775844044,1,1,0,122465,1,1424,1490,0,0
19799684044,1,1,0,123889,1,1424,1490,0,0
19799684044,1,1,0,125313,1,1424,1490,0,0
19893292045,1,1,1,112497,1,1424,1490,0,0
19893292045,1,1,1,113921,1,1424,1490,0,0
20131692045,1,1,1,115345,1,1424,1490,0,0
20131692045,1,1,1,116769,1,1424,1490,0,0
20331692044,0,1,1,1,78321,0,54,0,0
20331692045,1,1,1,118193,1,1424,1490,0,0
20489292044,0,1,1,1,81169,0,54,0,0
20489292045,1,1,1,119617,1,1424,1490,0,0
20489292045,1,1,1,121041,1,1424,1490,0,0
20727692044,0,1,1,1,84017,0,54,0,0
20727692045,1,1,1,122465,1,1424,1490,0,0
20727692045,1,1,1,123889,1,1424,1490,0,0
20966092044,0,1,1,1,86865,0,54,0,0
20966092045,1,1,1,125313,1,1424,1490,0,0
20966092045,1,1,1,126737,1,1424,1490,0,0
21204492044,0,1,1,1,89713,0,54,0,0
21204492045,1,1,1,128161,1,1424,1490,0,0
21204492045,1,1,1,129585,1,1424,1490,0,0
21442892044,0,1,1,1,92561,0,54,0,0
21442892045,1,1,1,131009,1,1424,1490,0,0
21442892045,1,1,1,132433,1,1424,1490,0,0
21540004043,0,1,0,1,116769,0,54,0,0
21658147936,0,1,0,1,116769,0,42,0,0
21681292044,0,1,1,1,95409,0,54,0,0
21681292045,1,1,1,133857,1,1424,1490,0,0
21681292045,1,1,1,135281,1,1424,1490,0,0
21919692044,0,1,1,1,98257,0,54,0,0
21919692045,1,1,1,136705,1,1424,1490,0,0
21919692045,1,1,1,138129,1,1424,1490,0,0
22016804043,0,1,0,1,116769,0,54,0,0
22136004043,0,1,0,1,126737,0,54,0,0
22136004044,1,1,0,126737,1,1424,1490,0,0
22136004044,1,1,0,128161,1,1424,1490,0,0
22158092045,1,1,1,139553,1,1424,1490,0,0
22158092045,1,1,1,140977,1,1424,1490,0,0
22159844044,1,1,0,129585,1,1424,1490,0,0
22159844044,1,1,0,131009,1,1424,1490,0,0
22183684044,1,1,0,132433,1,1424,1490,0,0
22183684044,1,1,0,133857,1,1424,1490,0,0
22207524044,1,1,0,135281,1,1424,1490,0,0
22207524044,1,1,0,136705,1,1424,1490,0,0
22396492044,0,1,1,1,101105,0,54,0,0
22396492045,1,1,1,142401,1,1424,1490,0,0
22396492045,1,1,1,143825,1,1424,1490,0,0
22493604043,0,1,0,1,126737,0,54,0,0
22611747936,0,1,0,1,126737,0,42,0,0
22634892045,1,1,1,145249,1,1424,1490,0,0
22634892045,1,1,1,146673,1,1424,1490,0,0
22730947936,0,1,0,1,126737,0,42,0,0
22873292044,0,1,1,1,103953,0,54,0,0
22873292045,1,1,1,148097,1,1424,1490,0,0
22873292045,1,1,1,149521,1,1424,1490,0,0
22969347936,0,1,0,1,126737,0,42,0,0
23088547936,0,1,0,1,126737,0,42,0,0
23111692045,1,1,1,150945,1,1424,1490,0,0
23111692045,1,1,1,152369,1,1424,1490,0,0
23350092045,1,1,1,153793,1,1424,1490,0,0
23350092045,1,1,1,155217,1,1424,1490,0,0
23550092044,0,1,1,1,105377,0,54,0,0
23550092045,1,1,1,156641,1,1424,1490,0,0
23707692045,1,1,1,158065,1,1424,1490,0,0
23707692045,1,1,1,159489,1,1424,1490,0,0
23826892044,0,1,1,1,108225,0,54,0,0
23826892045,1,1,1,160913,1,1424,1490,0,0
24065292044,0,1,1,1,111073,0,54,0,0
24065292045,1,1,1,162337,1,1424,1490,0,0
24065292045,1,1,1,163761,1,1424,1490,0,0
24303692044,0,1,1,1,113921,0,54,0,0
24303692045,1,1,1,165185,1,1424,1490,0,0
24303692045,1,1,1,166609,1,1424,1490,0,0
24422892044,0,1,1,1,113921,0,54,0,0
24542092044,0,1,1,1,113921,0,54,0,0
24542092045,1,1,1,168033,1,1424,1490,0,0
24542092045,1,1,1,169457,1,1424,1490,0,0
24661292044,0,1,1,1,113921,0,54,0,0
24780492044,0,1,1,1,113921,0,54,0,0
24780492045,1,1,1,170881,1,1424,1490,0,0
24780492045,1,1,1,172305,1,1424,1490,0,0
24899692044,0,1,1,1,113921,0,54,0,0
25018892044,0,1,1,1,113921,0,54,0,0
25018892045,1,1,1,173729,1,1424,1490,0,0
25018892045,1,1,1,175153,1,1424,1490,0,0
25138092044,0,1,1,1,113921,0,54,0,0
25235204043,0,1,0,1,140977,0,54,0,0
25235204044,1,1,0,140977,1,1424,1490,0,0
25235204044,1,1,0,142401,1,1424,1490,0,0
25257292044,0,1,1,1,113921,0,54,0,0
25257292045,1,1,1,176577,1,1424,1490,0,0
25257292045,1,1,1,178001,1,1424,1490,0,0
25259044044,1,1,0,143825,1,1424,1490,0,0
25259044044,1,1,0,145249,1,1424,1490,0,0
25282884044,1,1,0,146673,1,1424,1490,0,0
25282884044,1,1,0,148097,1,1424,1490,0,0
25306724044,1,1,0,149521,1,1424,1490,0,0
25306724044,1,1,0,150945,1,1424,1490,0,0
25330564044,1,1,0,152369,1,1424,1490,0,0
25354404043,0,1,0,1,140977,0,54,0,0
25376492044,0,1,1,1,113921,0,54,0,0
25472547936,0,1,0,1,140977,0,42,0,0
25495692044,0,1,1,1,113921,0,54,0,0
25495692045,1,1,1,179425,1,1424,1490,0,0
25495692045,1,1,1,180849,1,1424,1490,0,0
25614892044,0,1,1,1,113921,0,54,0,0
25710947936,0,1,0,1,140977,0,42,0,0
25710947936,1,1,0,140977,1,1424,1490,0,0
25734092045,1,1,1,182273,1,1424,1490,0,0
25734092045,1,1,1,183697,1,1424,1490,0,0
25830147936,0,1,0,1,140977,0,42,0,0
25949347936,0,1,0,1,140977,0,42,0,0
25972492045,1,1,1,113921,1,1424,1490,0,0
26068547936,0,1,0,1,140977,0,42,0,0
26091692044,0,1,1,1,113921,0,54,0,0
26687692044,0,1,1,1,113921,0,54,0,0
26806892044,0,1,1,1,113921,0,54,0,0
26926092044,0,1,1,1,113921,0,54,0,0
27045292044,0,1,1,1,113921,0,54,0,0
27164492044,0,1,1,1,113921,0,54,0,0
27283692044,0,1,1,1,113921,0,54,0,0
27402892044,0,1,1,1,113921,0,54,0,0
27522092044,0,1,1,1,113921,0,54,0,0
27641292044,0,1,1,1,113921,0,54,0,0
27760492044,0,1,1,1,113921,0,54,0,0
27879692044,0,1,1,1,113921,0,54,0,0
27998892044,0,1,1,1,113921,0,54,0,0
28118092044,0,1,1,1,113921,0,54,0,0
28237292044,0,1,1,1,113921,0,54,0,0
28356492044,0,1,1,1,113921,0,54,0,0
28475692044,0,1,1,1,113921,0,54,0,0
28475692045,1,1,1,185121,1,1424,1490,0,0
28594892044,0,1,1,1,113921,0,54,0,0
28594892045,1,1,1,186545,1,1424,1490,0,0
28692004043,0,1,0,1,143825,0,54,0,0
28692004043,1,1,0,143825,1,1424,1490,0,0
28692004044,1,1,0,153793,1,1424,1490,0,0
28714092044,0,1,1,1,113921,0,54,0,0
28714092045,1,1,1,187969,1,1424,1490,0,0
28833292044,0,1,1,1,113921,0,54,0,0
28833292045,1,1,1,189393,1,1424,1490,0,0
28952492044,0,1,1,1,113921,0,54,0,0
28952492045,1,1,1,190817,1,1424,1490,0,0
29011204043,0,1,0,1,145249,0,54,0,0
29011204043,1,1,0,145249,1,1424,1490,0,0
29011204044,1,1,0,155217,1,1424,1490,0,0
29168804043,0,1,0,1,148097,0,54,0,0
29168804043,1,1,0,148097,1,1424,1490,0,0
29168804044,1,1,0,156641,1,1424,1490,0,0
29288004043,0,1,0,1,148097,0,54,0,0
29288004044,1,1,0,158065,1,1424,1490,0,0
29407204043,0,1,0,1,148097,0,54,0,0
29407204044,1,1,0,159489,1,1424,1490,0,0
29429292044,0,1,1,1,113921,0,54,0,0
29429292045,1,1,1,192241,1,1424,1490,0,0
29526404043,0,1,0,1,148097,0,54,0,0
29526404044,1,1,0,160913,1,1424,1490,0,0
29884004043,0,1,0,1,148097,0,54,0,0
29884004044,1,1,0,162337,1,1424,1490,0,0
